-8.0057	8.135
-8.1758	8.206
-8.0813	7.9218
-7.9868	8.3126
-8.0624	8.2416
-7.949	7.8863
-7.8922	8.0284
-7.8922	8.206
-8.0624	8.3126
-8.1758	8.206
-8.2136	8.0995
-8.1002	7.8508
-7.8922	7.7798
-7.8355	8.0995
-7.9301	8.3126
-8.138	8.3126
-8.2892	8.1705
-8.0813	7.8508
-7.8733	7.8153
-7.7977	8.3126
-8.1002	8.3837
-8.3081	8.2416
-8.2892	7.5311
-8.1002	7.3535
-7.7977	7.5311
-7.7977	7.8508
-7.9112	8.1705
-8.0813	8.3126
-8.327	7.9218
-8.0813	7.46
-7.8733	7.6732
-7.7599	7.9218
-8.0624	8.4902
-8.2892	8.5968
-8.4783	8.4902
-8.7429	8.206
-8.8185	7.1758
-8.4405	6.9627
-8.1002	6.643
-7.6654	7.0337
-7.5898	7.5311
-7.6843	7.8863
-7.8166	8.3126
-8.1002	8.7389
-8.5917	8.6679
-8.5539	8.3481
-8.4972	8.2416
-8.327	7.7442
-8.1191	7.46
-7.8733	7.46
-7.7977	7.6021
-7.8922	7.8153
-8.0435	8.1705
-8.1947	8.4902
-8.3648	8.6679
-8.8941	8.5613
-9.2344	8.4192
-8.9509	7.9574
-8.8752	7.9218
-8.7429	7.46
-8.535	7.2114
-8.3648	7.0693
-8.2136	7.2469
-7.7977	7.389
-7.6276	7.46
-7.7977	7.7087
-7.9679	8.0284
-7.9679	8.3481
-8.2514	8.0639
-8.4026	7.8153
-8.4405	7.3535
-8.1947	7.1048
-8.0246	7.5666
-8.138	8.3481
-8.3648	8.7034
-8.8752	8.881
-9.0454	8.881
-9.1399	8.4192
-8.6673	7.9574
-8.4216	7.8153
-8.3081	7.6732
-8.2325	7.3535
-7.9679	7.2824
-7.8544	7.4245
-7.7977	7.7087
-7.741	8.0995
-7.6843	8.2416
-7.6276	8.7034
-7.8166	9.0941
-8.0057	9.3073
-8.0624	9.3783
-8.2703	9.3073
-8.5728	9.3783
-9.0265	9.2007
-8.913	8.6679
-8.8941	8.4902
-9.0454	7.8153
-8.7429	7.4245
-8.4783	7.5666
-7.552	7.389
-7.4764	7.2114
-7.4197	7.6021
-7.552	8.0639
-7.7221	8.1705
-7.7788	8.2771
-7.4197	7.9574
-7.4197	7.9218
-7.4197	7.9218
-7.5331	7.46
-7.5331	6.9982
-7.5331	6.9982
-7.5898	6.5009
-7.6087	6.5364
-7.8922	6.7851
-8.0057	6.8917
-8.2325	7.3179
-8.4783	7.46
-8.5539	7.6021
-8.6106	7.6021
-8.535	7.9574
-8.4783	7.9218
-8.1002	7.7087
-7.9679	7.6732
-7.741	7.8508
-7.741	7.9929
-7.949	8.2416
-8.1002	8.206
-8.1947	7.389
-7.8733	7.1758
-7.7599	7.8153
-7.949	8.1705
-8.138	8.3837
-8.2514	7.5666
-7.8355	7.389
-7.6654	7.7087
-7.6276	8.3481
-8.0246	8.0995
-7.949	7.6732
-7.7599	7.9574
-7.8544	8.2771
-7.949	8.1705
-7.7788	7.9218
-7.8166	8.4192
-8.1569	8.3481
-7.8922	8.206
-8.0624	8.7744
-8.1947	8.7034
-8.3837	8.8099
-8.4972	8.952
-8.6295	8.952
-8.6862	8.952
-8.5539	9.3783
-8.327	9.4494
-8.138	9.3073
-7.9679	9.1652
-7.7221	8.6679
-7.2117	8.0639
-7.0416	7.8508
-7.3819	7.7087
-7.4764	7.7442
-7.552	7.7442
-7.8922	7.9218
-8.0813	8.135
-8.3648	7.9218
-8.7429	7.6021
-8.7996	7.0337
-8.4972	6.9982
-8.1569	6.9272
-8.0624	6.9982
-8.1191	7.1048
-8.2703	7.8153
-8.4026	7.9929
-8.4216	7.46
-8.3648	7.7798
-8.3459	7.7442
-7.8544	7.3535
-7.8922	7.6377
-8.1002	8.0284
-8.1191	8.206
-8.0435	8.135
-7.9301	8.3481
-7.7977	8.3837
-7.741	8.9876
-7.9679	8.8455
-8.0813	9.0231
-8.1758	9.0586
-8.2703	9.0941
-8.327	9.2362
-8.4026	9.4139
-8.5917	8.9876
-8.8185	8.7744
-9.0076	9.0941
-9.121	9.3783
-8.9509	9.698
-8.4216	9.7336
-7.9112	9.4139
-7.0794	9.0941
-7.2117	10.089
-7.6843	10.515
-8.1569	10.764
-8.9698	10.906
-9.5369	9.6625
-9.2155	8.7744
-9.1777	8.1705
-8.8941	7.8508
-8.4783	7.6021
-8.0246	7.4245
-7.2684	7.3535
-7.0038	7.5666
-7.1361	7.7442
-7.4197	7.3179
-7.552	6.8917
-7.5331	7.1758
-7.2684	7.2824
-7.2117	7.389
-7.1361	8.0284
-7.1928	8.4902
-7.1739	8.5258
-7.1361	7.6377
-7.3819	6.8561
-7.5142	6.6785
-7.6465	6.7496
-7.9112	6.8917
-8.2325	6.9627
-8.1002	7.0337
-8.0057	7.3535
-8.0057	7.6732
-8.1569	7.389
-8.1947	7.2469
-8.2514	7.6732
-8.4594	7.8863
-8.7807	7.9218
-8.9509	7.5666
-8.9319	6.8917
-8.7429	7.3179
-8.7051	7.1758
-8.535	7.1403
-8.0246	4.1208
-8.0624	4.1208
-8.2325	4.2984
-8.2325	4.2984
-8.2325	4.2984
-8.3459	4.0142
-8.138	3.9076
-8.0435	4.0497
-8.1191	4.2629
-8.2325	4.476
-8.4026	4.2629
-8.4405	4.0142
-8.2703	3.8011
-8.0246	3.7655
-7.9112	4.0142
-8.0435	4.3339
-8.2892	4.2629
-8.4216	3.8366
-8.2892	3.5879
-8.0813	3.73
-7.9679	3.7655
-7.8355	4.1563
-7.9679	4.4405
-8.1947	4.405
-8.4783	4.0497
-8.2136	3.8011
-8.1002	3.8366
-7.9679	4.2274
-8.2136	4.5115
-8.4405	4.2984
-8.4972	3.9787
-8.4405	3.4813
-8.2514	3.6945
-8.0624	3.6945
-7.9112	3.8721
-7.8544	4.2629
-8.2136	4.4405
-8.4405	4.0853
-8.4026	3.6234
-8.327	3.4103
-8.1758	3.4103
-7.949	3.1972
-7.6276	2.9485
-7.552	3.0195
-7.552	3.4813
-7.6087	3.9076
-7.8166	4.2629
-7.9112	4.2629
-8.1002	4.0853
-8.1569	3.5879
-8.0057	3.6945
-7.9301	4.1208
-8.1569	4.0142
-8.0813	3.9787
-7.9868	4.1918
-7.9301	4.476
-8.3081	4.476
-8.2892	4.1563
-8.0057	4.1563
-8.0435	4.5826
-8.2892	4.405
-8.1191	3.9432
-8.0246	4.3339
-8.3081	4.2629
-8.2514	3.8366
-8.0624	4.0497
-7.949	3.9432
-8.3459	4.2629
-8.1002	3.4813
-7.8166	3.9076
-8.2325	4.2629
-8.2325	4.1563
-8.0246	4.2629
-8.2703	3.659
-8.327	3.8366
-8.3648	3.6945
-8.2136	4.0142
-8.2703	3.8011
-8.327	3.8721
-8.2892	4.1563
-8.2892	4.0853
-8.3837	4.2629
-8.4783	4.1918
-8.5728	3.659
-8.1191	3.6945
-7.8922	3.9432
-7.9679	4.5115
-8.3459	4.4405
-8.4594	4.6181
-8.2136	4.6181
-8.2703	4.7957
-8.6862	4.6536
-8.7051	4.2629
-8.724	3.4103
-8.2514	3.1261
-7.9301	3.4103
-7.6843	3.6234
-7.8166	4.405
-8.2136	4.405
-8.4972	3.5169
-7.8733	3.3393
-7.344	3.2327
-7.0983	3.4103
-7.1928	3.9076
-7.2117	4.2274
-7.3629	4.5471
-7.4764	4.9023
-7.8733	4.7247
-8.2325	4.6892
-8.5917	4.5115
-8.7051	3.659
-8.3081	3.1616
-7.9112	3.0551
-7.552	3.2327
-7.4197	4.0853
-7.6654	4.8668
-7.8544	5.2575
-8.0624	5.2931
-8.6484	4.4405
-8.138	3.73
-7.9868	3.659
-7.8544	3.7655
-7.3629	4.0853
-7.6654	4.6181
-8.0813	4.9378
-8.5161	4.3339
-8.3081	3.4458
-8.0813	3.7655
-8.1569	4.2629
-8.3459	4.6181
-8.2514	3.6945
-7.8355	4.1563
-7.9112	4.5471
-8.2514	4.2984
-8.0435	4.0497
-7.8922	4.405
-8.1758	4.5826
-8.2136	4.0497
-8.0246	4.476
-8.3081	4.2274
-8.8563	3.7655
-8.4594	3.9076
-8.5728	4.0497
-8.9509	3.9076
-8.4972	3.7655
-8.4026	4.9734
-8.7618	5.1865
-9.1021	4.6536
-9.121	3.3748
-8.6295	3.3393
-8.1569	3.4103
-7.8166	4.2274
-8.1569	4.7602
-8.6106	5.1865
-8.9509	5.3286
-9.2722	4.9378
-9.2911	3.8721
-9.0643	3.2682
-8.5917	2.9485
-8.0246	3.0551
-7.2873	3.1616
-7.1361	3.8721
-7.3629	4.2984
-7.4764	4.6892
-8.2514	4.7957
-8.7051	4.0497
-8.5917	3.5524
-8.5917	2.8419
-8.0246	2.6288
-7.6276	3.0195
-7.5331	3.9076
-7.5898	4.7957
-7.8922	5.0089
-8.6295	4.6892
-8.8563	4.3694
-8.5539	3.73
-8.4594	3.8011
-8.138	3.4813
-7.5709	3.3748
-7.5331	3.6234
-7.741	3.5524
-7.949	3.5524
-7.9301	4.1563
-8.0435	3.9787
-8.2325	3.1972
-8.0246	3.3748
-7.8166	3.5169
-7.6276	3.1616
-7.3251	3.0551
-7.2495	3.5169
-7.1361	3.5524
-7.0983	3.5524
-7.3819	4.1563
-7.552	4.2274
-7.2306	4.3694
-6.8147	3.73
-6.6635	3.8011
-6.9093	4.2984
-7.2873	4.3339
-7.5709	4.4405
-7.8355	4.5471
-8.1569	4.2984
-8.4026	4.3339
-8.7051	4.8668
-9.0832	4.9734
-9.1588	4.6181
-9.2533	3.5169
-9.0076	2.8064
-8.5539	3.0906
-7.8166	4.1563
-8.0435	5.151
-8.2703	5.4352
-8.5728	5.4707
-8.7996	5.3641
-8.9509	4.9734
-8.6862	5.222
-8.8185	6.0746
-8.8752	6.3233
-8.2892	5.7194
-8.0057	5.3996
-7.7221	5.9325
-8.0435	6.1101
-8.4405	5.4707
-8.0246	4.7602
-7.7788	5.1155
-7.7032	5.4352
-8.6106	4.7957
-8.7807	3.7655
-8.4026	3.3037
-8.1191	3.5879
-7.9301	3.8011
-7.8922	3.73
-7.949	3.5879
-8.0246	3.9076
-8.1569	3.8366
-7.9112	3.4458
-7.7788	3.2327
-7.6087	2.984
-6.7769	3.0195
-6.8147	3.4458
-7.0983	3.9432
-7.2117	3.9787
-7.3062	4.1563
-7.5898	4.0853
-7.8922	3.9432
-8.724	4.2984
-8.6484	3.8366
-8.3837	3.5169
-7.9112	3.8366
-7.7977	4.2274
-8.2136	4.3694
-8.4783	3.6234
-8.3648	3.1616
-8.0246	3.6945
-8.0624	4.2984
-8.5728	4.0142
-8.3837	3.6945
-7.949	4.3694
-8.2892	4.0853
-8.6106	3.3748
-8.4026	3.5879
-8.1002	3.3748
-7.8922	4.1918
-8.1569	4.5826
-8.5917	3.7655
-8.1947	3.1616
-7.8733	3.4458
-7.3629	3.8721
-7.6465	4.476
-7.9301	4.8668
-8.1569	4.405
-8.327	3.5169
-8.1569	2.7709
-8.0624	2.6288
-7.2684	1.7052
-6.3233	2.2735
-6.172	3.0551
-6.6068	4.2274
-7.0416	5.1155
-7.155	5.4707
-7.5709	5.5417
-8.0057	5.151
-8.1947	4.8668
-8.724	5.0444
-9.31	5.1865
-9.518	4.9023
-9.5558	4.2984
-9.707	3.659
-9.6881	3.2682
-9.1966	3.2327
-8.5539	3.2327
-7.9679	2.8774
-7.6654	3.1616
-7.2495	3.5879
-7.4197	4.5471
-8.8563	5.6128
-9.6125	6.3588
-10.123	8.0639
-9.8771	10.018
-9.4423	10.053
-9.3289	8.3481
-9.1399	7.0337
-8.9319	6.3588
-8.2514	6.4654
-7.4575	7.3535
-7.7221	8.6679
-7.9112	8.881
-8.0813	8.5968
-7.7977	8.0284
-7.9301	8.4902
-8.1569	7.0337
-8.0435	7.7798
-8.0246	6.9272
-7.8733	3.8011
-7.7221	3.9076
-7.9301	3.6234
-8.0246	4.0853
-8.138	4.2274
-8.1758	4.0142
-8.1947	3.3393
-7.949	3.8366
-8.2892	4.0853
-8.4026	4.1208
-8.6106	3.5879
-8.5161	2.9485
-8.1002	3.3037
-7.9112	3.5879
-7.8355	4.0853
-7.8733	4.3694
-8.2136	4.9734
-8.535	4.6536
-8.7618	3.9787
-8.6106	3.6234
-8.0813	3.3748
-7.6465	3.6945
-7.3629	3.8366
-7.3062	4.3694
-7.4008	5.0444
-7.6087	5.1865
-8.1569	5.222
-8.8941	5.2931
-9.4423	4.8668
-9.3478	4.1563
-9.0076	3.7655
-8.7429	3.6234
-7.7788	3.5169
-7.7599	4.2274
-8.2703	4.2984
-8.0246	0.035524
-8.0624	0.035524
-8.1947	0.10657
-8.1569	-0.071048
-8.1002	-0.28419
-7.9301	0.1421
-7.9301	0.1421
-8.0057	0.53286
-8.327	0.39076
-8.2136	-0.10657
-8.0813	-0.17762
-7.9301	-0.17762
-7.8733	-0.035524
-7.9301	0.10657
-8.0813	0.17762
-8.1947	-0.10657
-7.9868	-0.21314
-7.6276	-0.10657
-7.6654	0.24867
-7.8544	0.56838
-8.0624	0.63943
-8.327	0.31972
-8.3837	-0.071048
-8.1947	-0.42629
-8.0246	-0.35524
-7.6654	0.31972
-7.9868	0.53286
-8.3648	0.60391
-8.6106	0.42629
-8.6295	-0.24867
-8.5728	-0.31972
-8.4405	-0.56838
-7.9112	-0.31972
-7.6843	0.35524
-8.0246	0.56838
-8.2325	0.42629
-8.3648	0.17762
-8.327	-0.95915
-7.949	-0.60391
-8.0813	0.10657
-8.3459	0.31972
-8.6106	-0.21314
-8.3648	-0.8881
-7.9301	-0.56838
-7.7788	-0.39076
-8.0057	0.24867
-8.2514	0.35524
-8.6673	0
-8.5161	-0.67496
-7.8355	-0.95915
-7.6276	-1.0302
-7.552	-0.67496
-7.6465	-0.39076
-7.7599	-0.10657
-7.8166	0.1421
-7.9679	0.1421
-7.9868	0.21314
-8.0435	0.42629
-8.1569	0.49734
-8.6106	0.60391
-8.7051	-0.10657
-8.5161	-0.31972
-8.3837	-0.63943
-8.0057	-0.42629
-7.9301	-0.17762
-7.8733	-0.1421
-7.9112	0.071048
-7.9301	0.46181
-8.1191	0.67496
-8.3459	0.81705
-8.6106	0.60391
-8.8941	-0.10657
-8.8374	-0.53286
-8.6673	-0.8881
-8.4405	-0.99467
-8.0057	-1.0657
-7.4386	-1.0657
-7.344	-1.1012
-7.3819	-0.53286
-7.4575	-0.1421
-7.552	0.10657
-7.6654	0.28419
-7.9679	0.39076
-8.6106	0.81705
-9.5558	1.1368
-9.6125	1.2433
-9.6125	1.5986
-9.5747	1.5986
-9.4423	-0.63943
-9.3289	-0.95915
-8.6295	-0.99467
-8.0435	-1.2433
-7.7977	-1.2433
-7.6843	-1.1368
-7.2684	-1.492
-7.1361	-1.492
-6.6824	-1.4565
-6.569	-1.4565
-6.7013	-1.1723
-6.7202	0
-7.155	0.31972
-7.4008	0.46181
-8.1569	0.49734
-8.3648	0.39076
-8.4026	-0.1421
-8.2136	-0.42629
-8.1758	-0.31972
-8.2892	-0.17762
-8.2136	0.35524
-8.4026	0.35524
-8.4783	0.17762
-9.1021	-0.24867
-8.724	-0.63943
-8.2325	-0.63943
-7.6465	-0.95915
-7.2117	-0.53286
-7.3251	0.071048
-7.3819	0.42629
-7.5709	0.60391
-7.7599	0.99467
-8.1758	1.421
-9.0832	1.5986
-9.6125	1.3499
-9.5936	0.53286
-9.1966	-0.17762
-8.9698	-0.53286
-7.3629	-0.8881
-7.2306	-0.53286
-7.4764	0.1421
-7.6843	0.78153
-7.5709	1.492
-8.1569	1.7407
-8.724	1.7407
-9.1399	1.6696
-9.3667	0.78153
-9.1966	0.21314
-9.0076	0.10657
-8.4216	0.035524
-7.7032	0.21314
-7.7032	0.42629
-7.9301	0.81705
-8.0057	1.1012
-8.1758	1.1368
-8.9319	0.8881
-9.1777	0.81705
-8.9698	0.1421
-8.9319	-0.56838
-9.0265	-1.1368
-9.0265	-1.1723
-7.9112	-1.5986
-7.7221	-1.3854
-7.6843	-0.92362
-7.8355	-0.31972
-7.9112	-0.28419
-8.1002	-0.49734
-8.5728	-0.53286
-8.5161	-0.035524
-8.7618	0.53286
-8.7996	0.60391
-8.5539	0.71048
-8.535	0.31972
-8.4216	1.421
-8.5161	1.492
-8.7618	0.53286
-8.8374	-0.56838
-8.7618	-1.0657
-7.8544	-1.3854
-7.741	-1.0302
-7.6087	-0.35524
-7.6087	-0.99467
-7.552	-0.99467
-7.2684	-1.0657
-7.0227	-0.99467
-6.9849	-0.42629
-7.0794	0.21314
-7.0983	0.56838
-7.2873	0.746
-7.8733	0.81705
-8.5161	0.81705
-8.6673	1.1012
-9.2533	-0.42629
-9.0832	-0.81705
-8.4972	-0.78153
-7.9868	-0.39076
-7.7788	-0.1421
-7.7032	0.39076
-7.9112	0.67496
-8.3837	0.81705
-8.6106	0.63943
-8.6295	0.35524
-8.5728	-0.21314
-8.0813	-0.53286
-7.8922	0.95915
-8.8752	1.6341
-8.9698	0.46181
-8.724	-0.49734
-7.741	-0.24867
-7.6087	-0.071048
-7.8544	0.39076
-8.5161	0.39076
-8.7996	0
-8.6484	-0.10657
-8.2892	-0.35524
-7.7221	-0.46181
-7.5331	-0.21314
-7.7788	-0.035524
-7.949	0.24867
-8.5728	0.42629
-8.913	0.28419
-8.1947	-0.1421
-7.7977	0.071048
-7.4764	0.46181
-7.6843	0.746
-8.3081	1.0302
-8.8563	0.63943
-9.1777	-0.035524
-9.1966	-0.95915
-9.0265	-1.4565
-8.4972	-1.3854
-7.3629	-1.3854
-7.4575	-0.67496
-7.9112	0.071048
-8.327	0.39076
-8.4972	0.35524
-8.724	-0.1421
-8.2514	-0.39076
-7.9112	-0.17762
-7.8733	0.21314
-7.9112	0.49734
-8.3837	0.746
-8.7807	0.71048
-8.535	1.3499
-9.1021	1.8828
-8.6484	1.8472
-8.0624	1.6341
-7.6465	1.7407
-7.6276	1.2433
-7.6843	0.10657
-9.1588	-1.1723
-9.4234	0.95915
-8.7807	1.9183
-8.5539	2.2735
-8.3648	2.3091
-7.7221	2.167
-7.4764	2.4512
-7.6465	2.6998
-8.3459	3.0551
-8.5728	3.1616
-8.3648	3.4458
-7.4197	2.984
-7.1928	1.9893
-7.2117	1.0657
-7.4197	0.35524
-7.6276	-0.85258
-7.5331	-0.85258
-7.3251	-0.46181
-7.4008	-0.60391
-7.8922	-0.39076
-8.6673	-0.071048
-9.0643	0.17762
-8.5728	-0.17762
-7.741	-0.24867
-7.4953	0
-7.5331	0.071048
-7.7032	0.071048
-8.2892	0.21314
-8.5161	-0.39076
-7.5709	0.10657
-7.6087	0.39076
-8.0246	0.49734
-8.3837	0.35524
-7.9868	-0.17762
-7.6465	-0.1421
-7.6654	0.28419
-8.4783	0.39076
-8.5917	0.035524
-8.1569	-0.21314
-7.8922	-0.071048
-8.5728	-1.2789
-8.4026	-1.3499
-8.1569	-1.5631
-7.7599	-1.7052
-7.4008	-1.7052
-7.155	-1.2078
-7.0794	-0.53286
-7.2306	0.42629
-7.7977	0.81705
-8.4972	0.60391
-8.5917	0.1421
-8.1569	-0.31972
-7.8544	-0.60391
-7.4764	-0.39076
-7.7221	-0.071048
-8.1758	0.035524
-8.3081	-0.53286
-7.9301	-0.67496
-7.5331	-0.81705
-6.9282	-0.53286
-7.0794	-0.035524
-7.6465	0.17762
-8.0813	0.35524
-8.4972	0.10657
-8.5539	0.1421
-8.0057	-0.1421
-7.2495	-0.035524
-7.2117	0.35524
-7.7032	0.35524
-7.9868	0.46181
-8.4783	0.49734
-8.535	0.53286
-8.8563	-0.071048
-8.7807	0.10657
-9.4612	0.071048
-9.1777	-0.42629
-8.9698	-0.746
-8.1569	-1.0302
-7.8922	-0.8881
-7.741	-0.63943
-7.8922	-0.035524
-8.1569	-0.071048
-8.2136	-0.85258
-7.7977	-0.78153
-7.6465	-0.63943
-7.4764	-0.53286
-7.4764	-0.17762
-7.7221	0.31972
-8.0057	0.46181
-8.3837	0.78153
-8.5728	0.39076
-8.7807	0.99467
-8.4405	0.63943
-7.949	0.63943
-7.7032	1.1368
-7.5898	1.1368
-7.4008	0.46181
-6.7958	0.53286
-6.9093	0.81705
-6.9093	1.8117
-7.2873	3.0551
-7.7032	3.73
-7.7977	2.913
-8.2325	2.2735
-7.7221	2.3801
-8.4783	3.4458
-8.2325	2.6998
-7.7977	2.6288
-8.1947	2.8774
-5.0189	0
-5.0945	-0.10657
-5.0945	-0.10657
-5.0189	0
-4.9622	0.17762
-5.1701	0.035524
-5.0945	-0.49734
-4.9622	-0.17762
-4.9244	-0.10657
-5.1323	-0.21314
-5.0945	-0.24867
-4.9055	-0.17762
-4.9244	0.49734
-4.9244	0.49734
-5.1323	0.56838
-5.397	0.71048
-5.4915	0
-5.3403	-0.63943
-5.0756	-0.60391
-4.8866	-0.39076
-4.8488	-0.17762
-4.9244	0.21314
-5.586	0.49734
-6.0964	0.35524
-5.8885	-0.53286
-5.3781	-0.71048
-5.0378	-0.95915
-4.6219	-0.81705
-4.5085	-0.49734
-4.8299	-0.071048
-5.1701	0.28419
-5.4537	0.42629
-5.6994	-0.071048
-5.5293	-0.67496
-5.1701	-0.746
-4.8866	-0.31972
-4.9811	0.24867
-5.0945	0.35524
-5.3781	0.28419
-5.6238	0.35524
-5.6616	-0.24867
-5.2836	-0.49734
-5.1134	-0.31972
-5.0567	-0.071048
-5.0756	0.49734
-5.4348	0.8881
-5.7561	0.46181
-5.586	-0.10657
-5.2647	-0.1421
-4.9433	-0.1421
-4.8488	0.24867
-4.9811	0.39076
-5.0756	0.56838
-5.3025	0.35524
-4.9433	-0.28419
-4.5841	-0.071048
-4.3384	0.10657
-4.3384	0.35524
-4.5463	0.78153
-4.8677	1.0657
-5.3592	0.92362
-5.3214	0.49734
-5.1512	0.17762
-4.8866	0.071048
-4.8677	0.21314
-5.1134	0.60391
-5.4159	0.71048
-5.0378	0.28419
-4.9811	0.63943
-5.0945	1.1012
-5.3025	1.1368
-5.2647	0.53286
-4.6975	0.39076
-4.9622	0.8881
-5.3214	1.2433
-5.3781	0.56838
-4.6786	0.71048
-4.811	1.1368
-5.3592	1.2078
-5.5482	0.746
-5.0378	0.10657
-4.5841	0.24867
-5.7372	0.46181
-5.5293	0
-5.2079	-0.10657
-5.0567	0.071048
-5.5482	0.071048
-5.189	-0.63943
-5	-0.35524
-5.6805	-0.746
-5.3781	-0.85258
-5.586	-1.3144
-5.0756	-0.78153
-5.2268	0.1421
-5.4537	0.67496
-6.0397	0.46181
-6.2098	0.071048
-5.8318	-0.81705
-5.2647	-0.92362
-4.7732	-0.56838
-4.9433	0.1421
-5.2836	0.56838
-5.6994	0.71048
-5.9263	0.46181
-6.0397	0.21314
-5.7372	-0.39076
-5.3781	-0.60391
-5.2268	-0.39076
-5	-0.035524
-5.0378	0.17762
-5.1134	0.24867
-4.9622	-0.78153
-4.5652	-1.1012
-4.4518	-0.95915
-4.5085	-0.81705
-4.5463	-0.95915
-4.8866	-1.6341
-5.4159	-1.5275
-5.8129	-0.99467
-5.9263	-0.53286
-5.6049	0.035524
-5.2647	-0.10657
-4.9433	-0.71048
-4.4896	-0.92362
-4.603	-0.53286
-5.0189	0
-5.1134	-0.17762
-5.1701	-0.31972
-5.2079	-0.71048
-5	-0.8881
-4.5652	-0.67496
-4.6219	-0.035524
-5.1323	0.17762
-5.794	0.46181
-5.9074	-0.035524
-5.4537	-0.28419
-5.3025	-0.035524
-5.6994	0.35524
-5.9263	0.31972
-5.6616	-0.8881
-5.4537	-1.1723
-4.8299	-0.63943
-5.0945	0.28419
-5.4915	0.67496
-5.7372	0.78153
-5.8318	-0.39076
-5.5482	-0.99467
-4.9811	-1.3144
-4.7164	-0.35524
-4.9811	0.17762
-5.0945	0.071048
-4.7353	-0.60391
-4.6975	-0.21314
-5.2079	0.28419
-5.775	0.035524
-4.7732	0.31972
-5.3214	0.53286
-5.794	0.35524
-5.5104	0.31972
-5.7372	0.92362
-5.6994	0.35524
-4.7353	0.39076
-5.0189	0.81705
-5.6994	0.42629
-5.6049	-0.8881
-4.9244	-0.28419
-4.9811	0.39076
-5.2836	0.8881
-5.8507	0.81705
-5.6427	-0.35524
-5.0945	-0.49734
-4.8677	0.31972
-5.6049	0.46181
-5.7372	-1.1012
-5.0378	-1.1723
-4.6408	-0.60391
-4.5841	-0.35524
-5.2268	0.35524
-5.4915	0.24867
-4.9622	-0.63943
-4.4518	-0.1421
-4.603	0.53286
-5.1323	0.95915
-5.5293	0.85258
-5.6805	0.35524
-5.586	-0.746
-5	-0.31972
-4.9622	0.24867
-5.586	0.60391
-5.775	0.42629
-5.7183	-0.035524
-5.1512	-0.56838
-4.7921	-0.42629
-4.8866	0.10657
-5.4915	0.28419
-5.586	-0.31972
-5.2457	0.24867
-5.5293	0.81705
-5.8696	0.35524
-5.794	-0.17762
-4.9433	-0.42629
-4.9622	0.24867
-5.5293	0.39076
-5.3592	0.28419
-5.5482	0.60391
-6.1909	0.42629
-6.3422	-0.17762
-6.3989	0.63943
-7.4197	0.81705
-7.3629	0.28419
-7.0416	-0.24867
-6.2098	-1.2789
-5.5293	-0.28419
-5.6238	0.49734
-5.8129	1.0302
-6.3043	1.0657
-6.4745	-0.35524
-5.8318	0.31972
-5.9452	1.1723
-6.758	1.6696
-6.9849	1.7407
-6.966	0.035524
-5.9452	0.46181
-5.4726	0.31972
-5.6616	-0.31972
-4.8677	-0.28419
-4.7353	-0.071048
-5.5671	0.31972
-5.397	-0.53286
-4.9811	0
-4.8299	0.35524
-4.3951	-0.071048
-3.9981	-0.1421
-3.7146	0.31972
-3.6767	0.60391
-3.5633	0.92362
-3.7146	1.5275
-4.3195	1.421
-4.8299	1.2789
-5.4348	0.85258
-5.0567	0.46181
-4.9433	0.746
-5.1134	1.3854
-5.6049	1.3854
-5.8318	0.78153
-5.3403	0.60391
-5.4348	0.81705
-5.6616	0.746
-4.7732	-0.67496
-4.7732	-0.071048
-5	0.63943
-5.4915	0.8881
-6.0964	0
-5.4159	-0.67496
-5.0378	0.35524
-5.3403	1.6696
-6.2476	1.5275
-6.0586	0.67496
-5.2079	-0.71048
-4.0359	-0.35524
-4.4329	0.81705
-5.0567	1.3499
-6.0964	1.0302
-5.6238	0.10657
-5.189	-0.21314
-4.6597	-0.071048
-4.6975	0.28419
-4.811	0.71048
-5.3592	0.85258
-5.794	0.035524
-5.397	-0.39076
-4.8488	0.035524
-4.7921	0.35524
-5.3025	0.21314
-5.3781	-0.42629
-5.1134	-1.2433
-4.6786	-0.63943
-4.6597	-0.10657
-5.1323	0.28419
-5.4915	-0.035524
-4.8488	0.035524
-5.397	0.35524
-5.5482	0.85258
-5.4159	-0.78153
-5.0756	-0.42629
-5.189	-0.10657
-5.5293	-0.35524
-5.2457	-1.1368
-4.3384	-0.49734
-4.1682	0.035524
-4.5463	0.81705
-4.6975	0.92362
-5.1512	0
-4.8866	-0.35524
-4.4896	0.85258
-4.6408	1.8472
-5.1134	1.5631
-5.2079	0.92362
-5.2647	0.28419
-5.189	1.3854
-6.6824	0.95915
-6.4556	0.35524
-6.8336	-0.95915
-7.4953	-1.7052
-6.0964	-1.9183
-5.2079	-0.95915
-4.8866	0.71048
-5.4159	2.3446
-5.6805	1.8117
-5.0945	0.67496
-4.7543	0.24867
-5	0.24867
-4.8866	0.071048
-4.9244	-0.1421
-4.7353	-0.39076
-4.4329	-0.53286
-4.4518	0.21314
-4.8299	0.28419
-5.2079	0.95915
-5.5482	1.3144
-5.8885	0.67496
-5.8507	-0.67496
-5.3781	-1.1368
-4.3006	0.46181
-4.7543	1.5631
-5.2647	1.3499
-5.8696	1.1723
-6.1153	0.46181
-5.8696	-1.2078
-4.9055	-2.0249
-4.5841	-0.81705
-5.2079	-0.42629
-5.3781	-0.21314
-5.4159	-0.1421
-6.1153	-0.85258
-5.8507	-0.95915
-5.5482	-0.21314
-5.3781	0.035524
-5.3781	-0.10657
-4.9244	-0.28419
-4.8677	-0.21314
-4.7164	0.56838
-5.189	0.035524
-5.1134	-0.071048
-4.9244	-0.21314
-5.0378	0.21314
-5.4348	-0.42629
-5.2457	-0.746
-5.0189	-0.49734
-4.8488	0.17762
-5.3214	0
-5.2457	-0.46181
-4.603	-0.63943
-4.5085	-0.1421
-4.7353	0.21314
-4.8299	-0.63943
-5.1134	-0.31972
-5.397	-0.53286
-4.9433	-0.99467
-4.7543	-0.78153
-4.5274	-0.28419
-5.1134	-0.17762
-5.3214	-1.3854
-4.7543	-2.1314
-4.3762	-1.4565
-4.5274	-0.46181
-5.0378	-0.53286
-5.189	-1.2789
-5	-1.3854
-4.6786	-1.4565
-4.414	-0.35524
-4.8488	0.035524
-5.2079	-0.035524
-5.1323	-0.56838
-4.7543	-0.85258
-4.5463	-0.31972
-4.5841	-0.49734
-4.5463	-0.35524
-4.6219	0.071048
-4.9244	-0.17762
-5.1134	4.1918
-5.1134	4.1918
-5.2647	4.2274
-5.2079	3.73
-5.0756	3.8011
-4.9622	4.1208
-5.2836	4.1563
-5.4159	4.0853
-5.2836	3.3748
-5.1323	3.4813
-5.0945	3.73
-5.0945	4.0142
-5.3781	4.0142
-5.3214	3.5524
-5.1134	3.3037
-4.8299	3.8721
-5.0567	3.9432
-5.2836	4.1208
-5.3592	3.3393
-5.0945	3.7655
-5.1701	3.5169
-5.1512	3.5524
-5.5104	3.659
-5.2268	2.7709
-5.0567	3.4458
-5.2836	3.8011
-5.2268	3.5524
-5.2079	3.3037
-5.1323	3.1261
-4.9811	3.6945
-5.6616	4.0497
-5.6238	2.4867
-4.5652	3.5524
-4.7353	4.3694
-4.8866	4.3694
-5.0567	4.6181
-5.4537	4.1918
-5.4348	3.3037
-5	3.2682
-4.7921	3.8366
-4.9622	4.5826
-5.397	4.2274
-5.8885	4.3694
-5.8318	3.4458
-5.4348	3.4458
-4.9622	3.8721
-5	4.476
-5.5104	4.1918
-5.4915	3.73
-5.2457	3.5524
-5.1512	4.0853
-5.397	4.5115
-5.6616	4.0853
-5.4537	3.3748
-5.3025	3.3748
-5.3025	4.0142
-5.7183	4.2629
-5.8507	4.6536
-5.7372	3.4458
-5.3025	3.7655
-5.2836	4.9734
-5.6994	4.9734
-5.8507	3.9787
-5.6994	3.5879
-5.4915	3.5879
-5.3214	4.5115
-5.7561	4.8668
-6.0208	4.5826
-5.6994	3.6234
-5.1512	3.4103
-4.9055	3.659
-5.1323	4.3694
-5.794	4.5471
-5.5671	3.73
-5.2079	3.9076
-5.4348	3.9076
-5.2836	3.8011
-5.1323	4.2629
-5.6805	4.1208
-5.2268	3.0551
-5.2079	3.659
-5.0189	4.0853
-5.4348	3.2327
-5.5104	3.8366
-5.6994	3.3748
-5.3403	3.2327
-5.1134	3.3393
-4.9433	3.0195
-4.811	2.8419
-4.9433	3.4813
-5.2647	3.6945
-5.2836	3.8366
-5.3403	4.1208
-5.586	4.0497
-5.4537	3.5169
-5.3403	3.9432
-5.6238	3.659
-5.189	2.9485
-4.9055	3.8721
-5.0756	3.8366
-5.0567	3.4103
-5	3.5879
-4.9433	4.3694
-5.0189	4.405
-5.2079	4.0853
-5.2647	3.6234
-5.5293	3.3037
-5.8696	3.2682
-5.8318	4.0853
-5.8129	4.5471
-5.4726	4.2629
-5.8129	4.6892
-6.0775	4.1563
-5.7183	3.4813
-5.1701	3.5169
-5.3781	4.9734
-6.0208	5.0799
-6.1909	4.7957
-6.2854	3.5524
-5.7372	2.8064
-5.2268	2.7709
-5.1701	3.1616
-5.0945	3.7655
-5.4537	4.5471
-5.7561	4.5115
-5.5293	3.4103
-5.0189	3.2327
-5	3.8366
-5.4915	4.1208
-5.6616	3.2327
-5.3025	2.8064
-4.8488	2.8774
-4.7921	3.0551
-4.7921	3.3393
-4.9244	3.73
-5.0189	3.8721
-5.0945	3.9076
-5.1323	3.659
-5.4159	3.73
-5.4159	3.9787
-5.586	4.2274
-5.4348	4.2274
-5.2079	4.1563
-5.0945	4.6181
-5.3025	4.6892
-5.4537	4.6892
-5.5293	4.5826
-5.6616	4.5115
-5.6805	4.1563
-5.6805	4.1208
-5.4726	3.9076
-5.397	3.8011
-5.3214	3.9787
-5.3592	4.3339
-5.6427	4.6181
-5.8507	4.476
-5.8129	4.0142
-5.3025	3.5879
-4.9622	3.6234
-4.7164	3.5524
-4.6408	3.6234
-4.6597	4.0142
-4.7543	4.2629
-4.7732	4.2629
-4.9811	3.4103
-5	3.4813
-4.9811	3.6234
-5.3214	3.3748
-5.3403	3.1972
-5.5293	3.2327
-5.586	3.5524
-5.2457	3.4813
-4.9055	3.3393
-4.6975	3.1261
-4.7353	4.0497
-5.1323	4.1563
-5.4537	4.4405
-5.586	4.2274
-5.6994	3.4103
-5.6805	2.9485
-5.0567	3.1972
-5.1512	4.0142
-5.2647	4.7247
-5.2836	5.0089
-5.7372	5.3286
-6.0964	5.4707
-6.2665	5.6483
-6.3611	4.405
-6.2665	4.0497
-6.1531	2.8774
-5.9452	2.5222
-5.6049	2.2025
-5.1323	1.9893
-4.9622	1.9893
-4.7921	2.0249
-4.5841	1.9538
-4.3951	2.5222
-4.3195	3.3037
-4.3384	4.5115
-4.5274	5.1865
-5.3403	5.7194
-5.8696	6.0036
-6.1153	5.7549
-5.8885	4.2274
-5.2647	5.5062
-4.7353	3.659
-4.8488	3.0551
-5.5482	4.2984
-5.5482	4.5471
-5.5104	4.6181
-5.4726	4.4405
-5.4915	4.2274
-5.1512	4.2629
-5.0378	4.405
-5.2079	4.9378
-5.5293	5.0089
-5.4537	4.7957
-5.397	4.6892
-5.2836	3.73
-5.1323	3.9432
-5.3025	4.0142
-5.0378	3.5524
-4.9811	3.73
-5.0378	3.4813
-5.1701	3.3393
-5.397	3.3748
-5.3025	3.9432
-5.0945	3.9432
-4.9433	4.2629
-5.0945	3.9432
-5.2268	3.8721
-5.6427	3.8721
-7.6276	4.6536
-7.4386	5.2575
-7.3251	4.6181
-6.6257	2.3801
-5.9263	4.5115
-6.5879	5.6483
-6.7958	5.3641
-5.0378	2.8419
-4.7732	4.0142
-5.1134	4.405
-5.5293	4.8313
-5.6994	4.5471
-5.397	4.2984
-5.1701	3.8366
-4.603	3.5524
-4.5274	3.6945
-4.7921	4.3694
-5.0945	4.3339
-4.5085	3.659
-4.414	4.405
-4.5463	4.6536
-4.6786	4.6892
-4.6975	3.9432
-4.3762	4.5471
-4.4707	5.3641
-4.5841	5.3641
-4.6597	4.1208
-4.5652	3.8366
-4.6975	3.8721
-4.3951	3.6945
-4.3762	3.5879
-4.4329	4.5826
-4.8677	4.405
-4.6408	3.4103
-4.8299	3.9076
-5.0945	4.0142
-4.811	3.3748
-4.7732	4.0497
-4.9811	4.0142
-5.0378	3.3393
-4.7921	3.5169
-4.8866	3.9787
-4.9622	3.9787
-5.4348	3.6234
-5.3592	5.0444
-4.7732	4.5115
-4.5463	3.9432
-4.6408	3.0551
-5	3.1972
-5.2268	4.5115
-5.0945	4.7602
-4.7543	4.5826
-4.3006	4.0497
-3.9225	3.2682
-4.1115	3.0195
-4.3195	3.0551
-4.6975	3.8721
-4.6408	4.7957
-4.206	4.9023
-3.7146	4.1918
-3.8091	3.6234
-3.9225	3.5879
-4.3384	3.9787
-4.4329	4.6892
-4.1115	4.9734
-3.9414	4.6892
-3.828	4.476
-3.7146	3.1972
-3.9981	2.8774
-4.414	3.659
-4.3951	3.9076
-4.3006	4.2274
-4.017	3.9076
-3.8469	4.1563
-3.9036	4.9023
-4.0548	4.9023
-4.2817	4.8313
-4.414	4.5826
-4.1493	4.2984
-4.7353	4.6892
-4.8677	4.5826
-5.0756	4.6181
-5.189	4.2984
-5.1701	4.1563
-5.1512	4.4405
-5.2079	4.5471
-5.7372	4.3339
-5.4915	4.2629
-5.3781	4.2629
-5.0189	4.2984
-4.9433	4.3694
-5.2079	4.1208
-5.1134	3.659
-4.9244	2.984
-4.3195	2.8064
-4.1871	3.0551
-4.1682	3.4813
-4.3195	3.8721
-4.3951	3.8721
-4.4707	4.0497
-5.1323	7.9929
-5.1323	7.9929
-5.6238	7.9218
-5.5293	7.5311
-5.189	7.5311
-4.9055	7.9929
-5.0567	8.0995
-5.3025	8.0284
-5.2836	7.6021
-4.9433	7.4245
-4.7732	8.0284
-4.9244	8.0639
-5.0756	8.206
-4.9244	7.7798
-5.0756	7.6021
-4.9811	7.6732
-4.9622	7.7442
-5	8.0639
-5.0567	8.135
-5.0189	7.4245
-5	8.0995
-4.8677	7.5666
-4.8866	7.6377
-4.811	8.206
-4.9433	7.46
-4.8488	7.9574
-4.8488	7.8508
-5.0756	7.9574
-5.189	7.9574
-5.6427	7.8153
-5.6427	7.9929
-5.3025	7.0693
-4.9433	7.2114
-4.7164	7.9218
-4.9055	8.4547
-5.1512	8.2416
-5.5104	8.0995
-5.3403	7.5311
-5.0756	7.6732
-5.2836	8.4902
-5.6616	8.4192
-5.4915	7.1403
-5.1701	7.3535
-4.9244	8.1705
-5.1134	8.3126
-5.1134	7.8863
-4.9433	7.3535
-4.6975	7.7087
-4.8299	8.206
-4.9811	8.2416
-5.2079	8.135
-5.2457	7.5666
-4.8866	8.0284
-5.0945	8.5968
-5.2836	8.4902
-5.2457	8.6323
-5.2836	8.3126
-5.5482	8.4192
-5.9074	8.5613
-5.8885	7.9574
-5.6049	7.6732
-4.9244	7.6021
-4.7353	7.4956
-4.7732	8.4547
-5.1323	8.4192
-5.2079	8.5613
-5.2268	8.5258
-5.3214	8.3126
-5.1134	7.7442
-5.0378	7.8153
-5.0945	8.135
-5.3403	7.8508
-5.1701	7.4956
-4.9244	8.2771
-5.2647	8.5258
-5.3781	8.6679
-5.5104	8.3481
-5.5293	8.7389
-5.6994	8.9165
-5.5671	8.9876
-5.1512	8.4547
-5.0756	8.2416
-5.0567	7.3179
-5.0189	7.0693
-5.2457	7.4956
-5.1134	7.7798
-5.1134	8.0284
-5.0945	8.8099
-5.0756	8.1705
-5.189	8.881
-5.5671	8.5613
-5.1512	7.7087
-5.1512	8.2771
-5.2457	8.5968
-5.4159	7.9218
-5.2268	8.8455
-5.6805	8.8099
-5.5671	8.206
-5.5293	8.0284
-5.4159	7.9574
-5.3781	7.8508
-5.397	7.7442
-5.3403	8.7034
-5.5293	8.206
-5.4537	8.4902
-5.189	8.0995
-5.0189	8.6679
-5.3214	8.5258
-5.3214	7.8863
-5.0378	7.8153
-5.1134	8.3481
-5.3025	8.7389
-5.6805	8.5613
-5.6994	7.8153
-5.4159	7.5311
-5.1701	7.8863
-4.8677	7.6732
-4.9622	8.7744
-5.5671	8.7389
-5.5671	8.206
-5.3214	7.7087
-5	7.4956
-4.8299	7.7798
-4.9055	8.2771
-5.1134	8.5968
-5.586	8.2771
-5.7183	7.8153
-5.3592	7.6732
-5.0189	7.6021
-5.1323	8.2416
-5.3025	8.4902
-5.4915	8.1705
-5.189	7.6021
-5.3025	8.2771
-5.8129	8.6323
-6.172	8.4902
-5.8507	7.7798
-5.3403	7.5311
-5.0378	8.0995
-5.5104	8.3837
-5.7561	8.7034
-6.0019	8.8455
-7.4008	8.7744
-7.4008	8.4902
-6.8336	7.5666
-6.0586	7.7442
-7.1739	6.714
-5.586	6.8561
-4.7353	6.714
-4.3573	6.3943
-3.9792	6.7851
-4.2628	8.135
-4.3951	8.3837
-4.9055	8.7034
-5.2457	8.5613
-5.4159	8.2771
-5.4537	7.6732
-5.1323	7.7798
-5.0567	7.6732
-4.3195	7.1048
-4.1682	7.9218
-5.0945	8.2771
-5.0189	8.7034
-5.2268	8.6323
-5.3781	8.7389
-5.5671	8.8099
-5.6616	8.4547
-5.8507	7.6732
-5.6049	7.3179
-5.3781	7.3179
-4.9811	7.2824
-4.8299	7.3535
-4.6975	8.0284
-5.1134	8.5968
-5.2647	8.881
-5.6049	8.8455
-5.9452	8.5613
-6.0208	8.0995
-5.7372	7.46
-5.2836	7.3535
-5.2836	8.0639
-5.5293	8.2771
-5.9263	8.4192
-6.0019	7.7087
-5.7372	7.6732
-5.5293	7.8508
-5.6427	8.3126
-5.9074	8.5258
-6.0775	8.1705
-6.0586	7.6021
-5.6994	7.1758
-5.3781	7.3535
-5.2647	8.4192
-5.8318	8.7389
-6.172	8.7034
-6.5123	8.4192
-6.4556	7.6021
-5.9641	7.3535
-5.5104	7.6021
-5.189	7.1758
-5.1701	6.8561
-5.794	6.8561
-6.2476	7.1048
-6.0586	7.5311
-5.8318	7.9574
-5.5293	7.4956
-5.5482	6.9982
-5.7183	6.8561
-5.8129	7.1758
-5.5104	7.0693
-5.2647	6.9272
-4.9811	7.0337
-5.0567	7.1403
-5.0756	6.9982
-5.3781	7.3179
-5.586	7.9929
-5.4159	7.0693
-5.1134	7.6021
-5.1134	7.9929
-5.2457	8.0995
-5.3403	8.206
-5.2268	8.5258
-5.7183	7.9574
-5.4726	7.389
-5.1512	7.5666
-5	8.0284
-5.397	8.2416
-5.6994	7.8863
-5.3592	7.389
-4.811	7.7442
-4.8488	7.8508
-4.8677	8.3126
-5.3592	7.9574
-5.3214	8.4192
-5.397	8.0995
-5.397	7.6021
-5.0567	8.206
-5.3025	8.6679
-4.9622	6.9982
-4.5841	7.4956
-4.6597	8.206
-5.0756	8.7034
-5.3781	8.9876
-5.6805	9.0586
-5.7183	8.8455
-5.7183	8.135
-5.4915	7.4956
-4.8866	8.206
-5.0945	8.1705
-5.0756	7.7442
-4.9244	7.7798
-5.1701	7.9218
-5.0567	7.5311
-5.1323	7.6021
-5.983	7.5666
-5.8129	6.8917
-5.983	7.1758
-6.4367	7.7087
-6.9093	8.7034
-7.1361	9.3783
-7.741	7.8508
-7.1739	6.7851
-5.3403	6.5719
-4.6219	7.1048
-4.9055	8.135
-5.4159	8.206
-5.3781	7.8153
-5.4537	7.6021
-5.4726	7.8508
-5.775	7.7087
-5.7372	7.1403
-6.1342	7.1758
-5.8696	7.9574
-5.4537	7.5311
-5.0945	6.8561
-5.2647	6.9982
-4.7543	7.3535
-4.6975	7.5311
-5.0378	8.2416
-5.2079	8.8455
-5.586	9.0586
-6.1153	8.8099
-6.1909	8.0639
-5.586	6.9982
-4.9433	7.1048
-4.8488	7.7087
-5.0756	8.3126
-5.3025	8.6323
-5.8885	8.206
-5.794	7.3179
-5.0945	7.2469
-5.0378	7.5311
-5.1323	8.0639
-5.6427	8.2771
-5.4537	7.6021
-4.9622	7.7798
-4.9622	8.2416
-5.397	8.3837
-5.6616	8.2416
-5.7372	8.135
-4.9622	7.46
-4.7353	7.9218
-4.9433	8.0284
-5.3214	7.9929
-4.8677	7.9218
-4.9811	8.4547
-5.3025	9.0231
-5.5482	8.8099
-5.3592	8.2771
-4.5085	8.0639
-4.414	8.7034
-5.1134	8.7389
-5.397	8.6679
-5.0189	7.4245
-4.8677	7.7798
-5.0567	8.2771
-5.5482	8.206
-5.6049	7.9574
-5.9074	7.8863
-5.9452	8.0284
-5.5482	7.8153
-5.4537	7.9574
-5.4726	8.0284
-4.8677	7.7798
-4.8488	7.8508
-5.0945	7.9574
-5.1134	7.7798
-4.9244	8.0284
-2.2023	8.0284
-2.3346	8.0284
-2.3346	7.9574
-2.2779	7.8153
-2.1456	7.9929
-2.2401	7.9218
-2.3913	7.4956
-2.1456	7.4956
-2.2212	8.135
-2.2779	8.3837
-2.259	8.5258
-2.0321	8.3126
-2.0321	8.5258
-2.4102	9.1652
-2.6371	8.9876
-2.7694	8.7389
-2.6938	8.0995
-2.3535	8.3126
-2.2023	8.8455
-2.5047	8.7389
-2.5425	8.3126
-2.3913	7.6021
-2.1267	7.6732
-2.2401	8.2771
-2.5425	8.5613
-2.9395	8.952
-3.1096	8.7034
-3.1285	8.2771
-3.0151	7.8508
-2.7127	8.6323
-2.9584	8.9876
-3.6389	9.627
-3.8469	9.6625
-3.8469	8.9876
-3.4877	8.952
-2.8072	8.1705
-2.5803	7.9929
-2.3535	8.206
-2.4291	8.2771
-2.5047	8.2771
-1.8998	7.8508
-1.9565	8.206
-2.0132	8.3481
-2.0321	8.4192
-1.9754	8.4902
-1.9754	8.4192
-1.9754	8.881
-1.9943	8.7744
-2.1645	9.0586
-2.3346	8.7389
-2.4102	8.5613
-2.3535	8.0284
-2.3346	7.2114
-2.0888	7.2114
-1.9187	7.1758
-1.7486	7.2469
-1.6163	7.7442
-1.5974	8.135
-1.6352	8.4902
-1.5217	8.881
-1.5974	9.1652
-1.673	9.2362
-1.2193	8.4902
-1.087	8.6679
-1.2382	9.0231
-1.4839	9.1652
-1.7864	8.9876
-2.0132	8.8099
-2.3346	8.206
-2.3346	8.2416
-2.1645	8.2416
-1.9565	8.2416
-1.9565	8.3481
-1.9565	8.3837
-2.1078	8.3126
-2.1834	8.3126
-2.1267	8.0284
-2.2023	7.9218
-2.2968	7.7087
-2.4291	8.1705
-2.2212	8.6323
-2.051	8.5613
-1.5595	8.206
-1.6163	7.8153
-1.6541	7.7798
-1.7486	7.46
-1.9565	7.46
-2.2968	7.4956
-2.5236	7.8153
-2.5992	7.8508
-2.6749	8.135
-2.5047	8.2416
-2.3346	8.0639
-2.259	7.9218
-2.3913	7.9218
-2.2401	7.389
-2.1834	7.389
-1.9565	6.9982
-1.7486	7.1048
-1.6919	7.3535
-1.8053	7.8508
-1.8998	8.0639
-2.0321	8.3837
-1.8431	7.1758
-1.6352	7.0337
-1.6352	7.2824
-1.6163	7.6732
-1.6541	8.0995
-1.8431	8.2771
-1.862	7.4956
-1.6163	7.2114
-1.4083	7.8508
-1.4083	8.2416
-1.5974	8.4902
-1.7864	8.1705
-1.7108	7.389
-1.5028	7.1758
-1.2193	7.7442
-1.1815	8.0995
-1.3327	8.2771
-1.5595	8.3126
-1.5974	8.3837
-1.2571	8.0284
-1.1437	8.5258
-1.5028	8.5613
-1.4083	7.7087
-1.1059	7.1403
-0.44423	7.9574
-0.82231	8.3126
-1.0302	8.5613
-1.2193	8.206
-1.0681	7.5666
-1.5217	7.8863
-1.5784	7.9218
-1.8242	7.8508
-2.0132	8.0639
-1.9943	7.8153
-2.0699	7.5666
-2.2968	7.46
-2.3157	7.3179
-2.1267	7.0337
-2.1267	6.9982
-1.9187	6.8206
-1.6352	7.0337
-1.5595	7.5311
-1.5406	8.0995
-1.673	8.3126
-2.1078	8.2416
-2.2212	7.9574
-2.0888	7.2114
-1.862	7.0693
-1.4839	7.3179
-1.4461	8.2416
-1.6163	8.7389
-1.673	8.7389
-2.1834	8.0639
-1.9943	7.7087
-1.7486	7.5666
-1.5974	7.5666
-1.673	8.5258
-1.7297	8.5968
-1.8242	8.1705
-1.8998	8.3126
-1.9376	8.8099
-2.2779	8.3837
-2.259	7.6732
-1.9376	7.6021
-1.862	7.7442
-1.7864	7.8508
-1.9187	8.0995
-1.9943	8.2771
-2.1267	8.2416
-1.9754	7.46
-1.7108	7.8863
-1.7675	8.2771
-1.9943	8.3837
-2.0699	7.8863
-1.9943	7.7087
-1.8431	8.0639
-1.8809	8.5968
-2.0321	8.5613
-2.1456	8.2416
-1.9187	7.3535
-1.6352	8.2416
-1.8242	8.5613
-2.1456	8.206
-1.9376	7.6021
-1.8431	7.9929
-2.0132	7.7798
-1.9754	7.2114
-1.862	7.4245
-1.9187	7.9574
-2.1078	7.9574
-1.9187	7.7087
-1.7675	8.3837
-1.9376	9.1297
-2.2779	8.4902
-2.3346	7.8153
-2.0132	7.4956
-1.8998	7.46
-1.6352	8.1705
-1.8053	8.5968
-1.9565	8.3481
-1.8242	7.3535
-1.6919	7.389
-1.7108	8.135
-1.8242	8.206
-1.7486	7.7798
-1.7108	7.7442
-1.673	8.0284
-1.9376	7.8863
-1.9943	8.0639
-1.8998	8.1705
-1.6163	7.5311
-1.5595	7.7087
-1.7486	8.7744
-1.8242	8.4902
-1.9187	7.5666
-1.9565	7.9929
-1.9943	7.4956
-1.5974	7.0693
-1.5595	8.3126
-2.0888	9.0586
-2.4669	9.0586
-2.5992	9.4849
-2.3535	9.8401
-1.9754	9.2362
-1.7675	8.881
-1.5595	8.5613
-1.3894	7.4956
-1.3894	7.0693
-1.8809	6.7851
-2.1834	6.9982
-2.3157	7.1403
-2.5803	7.1048
-2.7316	7.4956
-2.5236	7.5311
-2.5425	8.2416
-2.5425	8.0995
-2.0132	8.0639
-1.8809	8.0995
-2.2779	8.4192
-2.4291	8.5613
-2.5992	8.0639
-2.5236	7.8863
-2.1645	7.5311
-2.0321	7.6732
-2.7505	7.6377
-2.5047	7.8153
-2.3535	8.2771
-3.6011	8.135
-3.9981	7.2824
-3.8847	6.8206
-3.6767	6.5719
-3.3554	6.5719
-2.7127	6.2877
-2.1834	6.5364
-1.9565	7.389
-2.4102	8.3837
-2.5992	7.8153
-2.448	7.2114
-2.1456	7.2114
-2.0699	7.2114
-2.1645	7.7442
-2.1078	7.7798
-2.2023	7.6732
-1.9754	7.3179
-1.6352	7.3535
-1.5974	7.389
-1.8053	7.46
-1.8242	7.7087
-2.0699	7.5666
-1.9376	7.2114
-1.862	7.9574
-2.0321	8.0639
-1.9943	8.206
-1.9943	7.9574
-1.7486	7.9574
-2.1267	7.9574
-1.8998	7.7798
-1.8998	7.8508
-1.8998	8.2416
-1.9565	8.0995
-1.9187	8.0639
-1.8431	8.1705
-1.6352	7.2114
-1.9754	6.643
-2.4102	7.2114
-2.9206	7.7798
-2.9395	8.0639
-2.4291	7.7798
-1.8809	7.5311
-1.7675	7.4956
-2.0132	6.8206
-2.051	6.9982
-2.5992	7.3535
-2.4102	7.8863
-2.0321	7.4956
-1.8998	7.4245
-1.8242	7.3535
-2.2023	7.1403
-2.3724	7.6732
-2.0132	7.4245
-1.8053	6.9627
-1.9754	6.9982
-2.2401	7.5666
-1.9754	7.7087
-1.9565	7.5311
-1.9565	7.46
-2.2023	7.46
-2.2401	7.7442
-1.9376	7.6377
-1.862	7.6021
-1.9754	7.1048
-2.2212	7.8153
-1.9943	7.7087
-1.8053	7.8153
-1.8809	7.3179
-2.1834	7.4956
-2.3535	8.0639
-2.3535	8.2771
-2.1267	8.2416
-2.1645	7.46
-2.3535	8.1705
-2.0699	7.8863
-2.2212	7.6732
-2.4669	7.9574
-2.3535	8.1705
-2.1267	7.7798
-2.3535	7.6377
-2.448	7.7798
-2.4669	8.2416
-2.4669	7.7442
-2.4669	7.9929
-2.8639	7.5666
-2.9773	7.3535
-2.7694	7.5311
-2.6749	7.7798
-2.5803	8.135
-2.5992	8.3837
-2.6181	8.0639
-2.5803	7.7798
-2.5803	7.7442
-2.656	7.7087
-2.8072	7.8153
-2.8639	8.206
-2.6938	7.9218
-2.7505	8.4547
-2.9017	8.5258
-3.2231	7.46
-2.8261	7.1403
-2.6181	7.1048
-2.2968	7.0337
-2.1645	7.1758
-1.9376	7.2114
-1.9754	7.9574
-2.1645	8.3481
-2.3157	8.6679
-2.1267	8.4902
-1.6919	7.8508
-2.0699	7.2114
-2.3535	7.389
-2.4669	7.9218
-2.3535	8.3837
-2.1456	8.5968
-1.9565	4.0853
-1.9565	4.0853
-2.051	4.1563
-2.1645	4.1563
-1.9754	3.8366
-1.9376	4.4405
-2.0888	4.5115
-2.3535	4.4405
-2.2401	3.9787
-2.1456	4.0497
-1.8998	3.9432
-1.673	3.7655
-1.5028	4.0142
-1.5406	4.7602
-1.6352	4.9734
-1.862	5.0444
-1.9943	4.7957
-2.1834	4.9378
-2.1834	4.5115
-2.0699	4.3694
-2.051	4.9023
-2.1267	5.151
-2.3157	5.4352
-2.7127	5.4707
-2.9773	5.1155
-3.2042	4.7957
-3.0718	4.6892
-2.9017	4.6181
-2.7127	4.3339
-2.5614	3.9787
-1.9943	3.9076
-1.9187	4.0497
-1.8809	4.2984
-1.8809	4.8668
-2.1456	5.3641
-2.4858	4.9378
-2.5047	4.7602
-2.448	4.6536
-2.448	4.476
-2.2968	4.3694
-2.1456	4.4405
-1.8242	4.6181
-1.8053	4.7957
-1.7864	5.5417
-1.9376	5.4707
-2.259	5.4352
-2.259	4.9734
-2.0321	5.5062
-2.1456	5.6483
-2.2023	5.2575
-2.2023	4.6892
-2.2023	4.2629
-2.1267	3.9432
-2.0888	3.9787
-2.0132	4.0853
-2.2779	3.9076
-2.7127	3.9787
-2.6371	4.0142
-2.4102	3.7655
-2.2023	3.8721
-2.1834	4.1563
-2.1078	4.0142
-1.8809	3.8721
-1.8053	3.4458
-1.7864	3.5879
-1.9565	3.3037
-1.673	3.2327
-1.673	3.5524
-1.6352	3.4813
-2.0699	2.913
-2.3535	3.4813
-2.2212	3.7655
-2.1645	3.9787
-1.862	3.9076
-1.5595	4.2629
-1.5028	3.8721
-1.7486	4.2274
-1.8053	4.3694
-2.2212	3.73
-1.9187	3.7655
-1.8809	3.8011
-1.7486	4.2274
-1.8998	4.1918
-1.9943	4.405
-2.0132	4.1563
-2.2968	3.7655
-2.0699	2.984
-1.673	3.3037
-1.6163	3.7655
-1.6919	3.8721
-1.7486	4.2274
-1.6163	4.1918
-1.9376	4.1563
-2.051	3.73
-1.8431	3.3748
-1.7297	2.9485
-1.5028	3.5169
-1.4272	3.73
-1.2193	3.6945
-1.2193	4.4405
-1.6541	4.476
-1.7864	4.3694
-1.8809	4.2984
-1.862	3.8721
-1.7675	3.5169
-1.6541	4.1208
-1.9565	4.3339
-2.4291	4.2984
-2.4291	3.8011
-2.1267	3.7655
-1.8809	4.1918
-2.1645	4.476
-2.2968	4.1563
-2.0888	3.9432
-1.7486	3.9076
-1.6163	4.0853
-1.6919	4.1918
-2.1834	4.1918
-2.4291	3.1616
-2.0321	2.913
-1.7297	3.1616
-1.8998	4.3339
-2.051	4.405
-2.1267	4.0853
-2.0699	3.4103
-1.9187	3.1972
-1.4839	3.4103
-1.3705	4.0853
-1.6541	4.6536
-1.9754	4.6892
-2.2401	4.6181
-2.3913	4.1563
-2.2968	4.0853
-2.1456	3.8011
-1.8809	3.6234
-1.7864	3.9076
-2.0132	4.2984
-2.2023	4.0853
-2.0699	3.9432
-1.862	3.8366
-1.4839	3.73
-1.8431	4.0853
-1.9754	4.1563
-2.1834	4.3694
-2.3535	4.4405
-2.5992	3.9432
-2.8072	4.476
-3.1096	4.405
-2.9206	4.6536
-2.4291	4.6181
-2.3346	4.5471
-2.448	4.476
-2.2968	3.9076
-2.2212	4.0853
-2.2212	4.1563
-2.1267	3.9076
-2.0888	4.1918
-2.0321	4.2629
-1.9943	3.8011
-1.8242	3.4813
-1.5406	3.6945
-1.7486	4.8668
-2.0321	4.9734