269 5.2376e-05 26 5 120 1 
261 1.52216e-05 178 5 120 1 
267 9.80395e-05 5 4 122 1 
263 6.71254e-06 67 5 119 1 
263 2.69263e-05 52 5 120 1 
273 2.19942e-05 161 4 120 1 
280 4.21469e-05 13 4 117 1 
279 3.26334e-05 139 5 115 1 
262 2.49479e-05 4 5 119 1 
261 1.52216e-05 178 5 120 1 
261 9.35187e-05 177 5 120 1 
266 0 17 4 123 1 
280 4.80999e-06 51 4 121 1 
283 3.26334e-05 545 4 112 1 
273 3.53329e-05 139 5 116 1 
261 1.5221e-05 27 5 120 1 
259 5.53899e-05 10 5 120 1 
267 3.25584e-05 548 4 123 1 
283 3.52524e-05 25 4 119 1 
284 6.7128e-06 104 5 113 1 
263 9.80776e-05 67 5 120 1 
259 9.80765e-05 1 5 120 1 
261 0.000118395 172 4 127 1 
263 2.19342e-05 227 4 123 1 
283 2.49479e-05 50 4 121 1 
287 1.24205e-05 129 4 117 1 
278 6.73302e-06 7 5 117 1 
262 2.68505e-05 4 5 119 1 
261 5.54661e-05 171 4 121 1 
269 2.19336e-05 206 4 126 1 
278 3.52524e-05 65 4 121 1 
291 4.84773e-06 138 4 116 1 
262 6.61209e-05 20 5 124 1 
252 0.00010619 53 5 125 1 
252 0.000136093 45 5 124 1 
255 0.000326394 46 5 119 1 
251 6.6592e-05 235 4 116 1 
262 8.91474e-05 61 4 113 1 
264 0.000287871 540 1 111 1 
281 9.80395e-05 109 4 117 1 
302 4.21469e-05 108 4 120 1 
300 0.000168004 134 4 116 1 
283 0 19 5 113 1 
257 0.000107553 544 5 124 1 
246 0.000234786 34 5 124 1 
254 7.56341e-05 46 5 120 1 
258 0.000188564 21 5 120 1 
262 0 174 4 125 1 
266 5.70789e-06 29 4 127 1 
276 3.25586e-05 133 4 122 1 
284 5.86246e-05 65 4 120 1 
281 0 18 4 122 1 
264 4.80981e-06 179 5 120 1 
261 9.13275e-05 32 5 124 1 
252 0.000158924 146 5 126 1 
240 2.50236e-05 95 5 119 1 
224 4.56631e-05 77 4 118 1 
252 3.53705e-05 58 4 118 1 
254 4.5664e-05 231 4 119 1 
257 0.000371015 116 4 115 1 
260 0.000247816 166 4 116 1 
264 0.000158925 71 4 116 1 
258 2.68505e-05 115 4 123 1 
281 0.00010565 24 4 122 1 
300 3.2634e-05 40 4 121 1 
285 6.62346e-05 129 4 120 1 
272 2.86201e-05 6 4 118 1 
268 5.70789e-06 180 5 120 1 
259 1.24582e-05 10 5 120 1 
262 4.21475e-05 174 4 122 1 
260 6.04136e-05 172 4 119 1 
265 2.85402e-05 169 4 117 1 
268 6.05273e-05 226 4 125 1 
261 1.24586e-05 20 5 119 1 
250 4.80981e-06 54 5 125 1 
228 7.57483e-05 190 5 121 1 
217 0.000152392 75 5 120 1 
231 0.000335155 203 4 118 1 
258 9.13275e-05 119 4 119 1 
262 5.55468e-05 174 4 122 1 
260 1.5221e-05 229 4 127 1 
261 4.84773e-06 115 4 124 1 
270 9.36389e-05 175 4 122 1 
275 6.71262e-06 49 4 122 1 
285 6.62346e-05 129 4 120 1 
292 2.68506e-05 103 5 112 1 
301 7.56341e-05 135 5 110 1 
290 0.000298929 1786 5 119 1 
240 8.89525e-05 182 5 116 1 
218 0.00011326 154 5 116 1 
210 4.20715e-05 89 5 116 1 
214 4.21466e-05 187 5 118 1 
195 0 151 5 122 1 
191 6.05267e-05 191 5 121 1 
236 6.05267e-05 55 5 121 1 
245 0.000550078 35 5 118 1 
252 0.00012674 204 4 117 1 
256 4.80999e-06 59 4 114 1 
259 4.80999e-06 205 4 127 1 
308 2.68505e-05 108 4 120 1 
310 7.56346e-05 210 4 119 1 
341 6.62353e-05 158 4 117 1 
325 0.00015174 105 4 110 1 
294 3.26342e-05 86 5 110 1 
286 5.2376e-05 86 5 110 1 
360 0.000288953 156 4 114 1 
357 4.84773e-06 105 4 114 1 
357 4.84773e-06 105 4 114 1 
314 8.89534e-05 541 4 120 1 
291 0.000166101 212 4 117 1 
291 0.000166101 212 4 117 1 
283 0.000196544 220 4 117 1 
283 0.000153217 220 4 116 1 
269 6.05469e-05 222 4 114 1 
265 4.56636e-05 222 4 113 1 
262 3.26338e-05 127 4 124 1 
261 1.5221e-05 172 4 122 1 
257 2.85394e-05 205 4 125 1 
257 9.13275e-05 205 4 124 1 
259 2.19714e-05 120 4 120 1 
261 5.5546e-05 171 4 120 1 
266 4.21469e-05 548 4 127 1 
271 0 137 4 124 1 
296 2.19339e-05 41 4 117 1 
294 7.5748e-05 41 4 112 1 
271 2.20319e-05 7 5 119 1 
263 2.19338e-05 52 5 119 1 
266 9.34436e-05 29 4 125 1 
270 0.000168194 175 4 115 1 
293 6.71262e-06 123 4 118 1 
269 5.70789e-06 26 5 119 1 
261 5.70789e-06 20 5 120 1 
261 0.000151854 48 4 127 1 
279 5.70789e-06 63 4 122 1 
301 7.33052e-05 160 4 118 1 
307 0.000379632 1787 5 110 1 
268 6.7128e-06 0 5 120 1 
272 2.19942e-05 176 4 124 1 
292 6.71262e-06 124 4 114 1 
280 1.24209e-05 42 5 113 1 
269 5.70789e-06 26 5 119 1 
287 0 31 4 116 1 
281 6.71244e-06 181 5 116 1 
261 2.19723e-05 20 5 120 1 
279 3.26334e-05 139 5 115 1 
255 1.24203e-05 43 5 121 1 
254 5.23768e-05 43 5 125 1 
249 6.04141e-05 74 5 125 1 
239 0.000174265 147 5 125 1 
234 9.13275e-05 148 5 124 1 
232 1.5221e-05 149 5 124 1 
196 0.000379872 187 5 121 1 
191 3.52526e-05 188 5 118 1 
213 9.13262e-05 89 5 117 1 
230 0.000146954 88 5 116 1 
279 5.23755e-05 87 5 118 1 
409 3.52523e-05 215 4 116 1 
462 0.000658752 1788 4 123 1 
364 0.000326619 209 4 118 1 
340 5.23762e-05 158 4 117 1 
324 2.85398e-05 159 4 117 1 
280 5.8511e-05 51 4 120 1 
263 5.70789e-06 179 5 120 1 
261 3.26338e-05 171 4 121 1 
256 9.13262e-05 118 4 117 1 
252 0.000153216 235 4 109 1 
261 2.19336e-05 37 4 115 1 
261 3.52521e-05 223 4 111 1 
261 1.24205e-05 224 4 117 1 
267 0.00028787 82 4 118 1 
262 5.54653e-05 174 4 123 1 
262 0.000344668 174 4 120 1 
262 0.000299171 127 4 124 1 
262 6.75055e-06 174 4 123 1 
263 0.000326357 121 4 125 1 
277 6.71272e-06 133 4 120 1 
278 5.24141e-05 50 4 121 1 
263 5.5465e-05 136 5 120 1 
263 3.52522e-05 52 5 120 1 
265 5.70789e-06 0 5 120 1 
273 5.54706e-05 139 5 117 1 
282 2.50236e-05 19 5 116 1 
255 0.00021292 543 5 117 1 
255 2.19335e-05 543 5 118 1 
238 0.000234597 183 5 118 1 
236 5.23768e-05 184 5 119 1 
230 5.23755e-05 185 5 121 1 
217 0.000122774 186 5 121 1 
194 0.000126778 151 5 120 1 
232 1.2459e-05 149 5 125 1 
233 0.000106077 94 5 120 1 
203 0.00024759 76 5 121 1 
163 0.000213668 93 5 119 1 
135 0.000696615 192 5 112 1 
155 0.000475976 152 5 112 1 
205 0.000106191 89 5 116 1 
320 0.00096527 1902 5 116 1 
97 0.00271888 1903 0 86 1 
51 0.00215437 197 0 51 0 
40 0.001518 198 0 40 0 
31 0.00362522 199 0 31 0 
86 0.00134963 192 0 73 1 
211 0.000212739 76 5 118 1 
240 0.000513959 57 4 117 1 
254 9.34436e-05 231 4 118 1 
260 0.00010565 116 4 127 1 
273 0.00012674 49 4 126 1 
362 2.19339e-05 214 4 120 1 
454 0.000152393 1788 4 125 1 
421 0.00010619 157 4 120 1 
324 0.00012674 213 4 119 1 
287 6.04136e-05 109 4 116 1 
300 2.19719e-05 100 4 117 1 
354 2.50233e-05 207 4 119 1 
371 0.000357987 218 4 120 1 
438 0.000213668 157 4 117 1 
399 0.0006683 1902 5 118 1 
399 0.000539021 1902 5 116 1 
411 5.8511e-05 209 4 122 1 
295 0.000255389 1905 4 116 1 
285 0.000247815 211 4 119 1 
279 0.000118253 220 4 118 1 
272 0.000427308 39 4 115 1 
262 5.53899e-05 547 4 112 1 
263 1.52216e-05 547 4 117 1 
269 2.68505e-05 206 4 123 1 
270 5.70808e-06 122 4 124 1 
266 5.53907e-05 29 4 126 1 
258 3.25584e-05 115 4 123 1 
261 5.53899e-05 47 4 127 1 
261 3.25584e-05 79 4 121 1 
257 7.33424e-05 78 4 119 1 
254 0.000235252 164 4 110 1 
244 0.000198729 165 4 112 1 
253 5.86241e-05 97 4 115 1 
254 0.000158925 236 4 113 1 
258 2.50236e-05 60 4 115 1 
353 6.71262e-06 295 1 128 0 
353 2.19336e-05 295 1 128 0 
349 0 370 1 128 0 
349 0 370 1 128 0 
349 0 370 1 128 0 
347 4.21469e-05 317 1 122 0 
349 6.75054e-06 298 1 126 0 
352 6.75054e-06 553 1 128 0 
353 4.56631e-05 309 1 128 0 
348 6.71262e-06 265 1 125 0 
349 5.23767e-05 376 1 124 0 
346 2.50233e-05 274 1 121 0 
350 6.0527e-05 269 1 122 0 
356 9.81806e-05 468 1 125 0 
356 2.68707e-05 322 1 122 0 
352 6.71262e-06 491 1 125 0 
350 7.57477e-05 308 1 127 0 
346 1.24205e-05 413 1 122 0 
351 2.69261e-05 310 1 122 0 
356 0.000180393 552 1 127 0 
356 3.53327e-05 468 1 122 0 
364 0 446 1 116 0 
352 1.24205e-05 292 1 116 0 
348 6.71244e-06 273 1 127 0 
346 1.24584e-05 274 1 121 0 
350 2.19336e-05 471 1 125 0 
351 2.69261e-05 364 1 127 0 
355 2.19336e-05 284 1 122 0 
349 3.26342e-05 373 1 125 0 
346 1.24609e-05 247 1 124 0 
345 2.19337e-05 248 1 121 0 
351 1.24205e-05 928 1 122 0 
354 0.000151855 466 1 122 0 
355 5.70789e-06 490 1 128 0 
356 2.69463e-05 322 1 120 0 
360 5.70808e-06 283 1 114 0 
349 0.000113261 370 1 125 0 
347 1.24609e-05 559 1 122 0 
351 6.04133e-05 484 1 122 0 
353 6.71262e-06 363 1 122 0 
356 0 387 1 122 0 
349 0.000136173 337 1 119 1 
352 6.71272e-06 474 1 116 1 
358 9.80395e-05 834 1 114 1 
384 0.000107553 416 1 116 1 
388 2.85394e-05 407 1 114 0 
365 2.19336e-05 583 1 111 0 
357 1.52816e-05 272 1 117 0 
353 7.25136e-05 295 1 128 0 
354 5.70827e-06 466 1 125 0 
356 5.54659e-05 552 1 124 0 
357 3.25987e-05 499 1 119 0 
350 3.52529e-05 290 1 126 0 
351 5.70789e-06 420 1 128 0 
355 2.19339e-05 419 1 124 0 
354 1.24205e-05 323 1 114 0 
346 2.85394e-05 246 1 128 0 
350 1.5221e-05 308 1 126 0 
354 6.71262e-06 291 1 126 0 
354 5.54661e-05 323 1 118 0 
344 2.19335e-05 324 1 128 0 
350 1.24204e-05 290 1 127 0 
352 1.24205e-05 491 1 124 0 
349 0 253 1 126 0 
350 4.56631e-05 471 1 123 0 
352 1.24584e-05 285 1 128 0 
355 1.52816e-05 322 1 124 0 
349 1.24205e-05 376 1 126 0 
357 0.000555054 582 1 123 0 
366 4.56636e-05 551 1 115 0 
350 2.85394e-05 365 1 128 0 
351 7.259e-05 554 1 126 0 
354 2.19339e-05 264 1 128 0 
353 6.71262e-06 269 1 122 0 
348 2.19336e-05 249 1 122 0 
349 3.2634e-05 275 1 122 0 
350 9.35191e-05 285 1 126 0 
350 6.0527e-05 269 1 122 0 
347 4.80999e-06 311 1 122 0 
350 1.5221e-05 308 1 126 0 
350 4.20715e-05 308 1 123 0 
349 3.52528e-05 376 1 126 0 
346 5.54706e-05 559 1 122 0 
347 3.26344e-05 560 1 121 0 
354 1.24205e-05 256 1 126 0 
360 3.52904e-05 306 1 119 0 
355 2.19716e-05 369 1 116 0 
346 7.33046e-05 246 1 128 0 
343 6.67142e-05 366 1 128 0 
352 0.000158925 296 1 124 0 
345 0 401 1 123 1 
335 2.19714e-05 410 1 126 0 
341 0.000215213 362 1 121 0 
344 7.25136e-05 386 1 117 0 
345 2.19336e-05 348 1 121 0 
356 0.000107553 418 1 120 1 
370 3.2634e-05 571 1 117 1 
365 0.000179061 505 1 111 0 
347 0 260 1 128 0 
351 2.69261e-05 928 1 122 0 
354 4.21321e-05 332 1 117 1 
399 4.21471e-05 397 1 111 1 
476 0.00010565 428 1 114 1 
468 2.19338e-05 398 1 118 0 
461 0.000327544 478 1 119 0 
416 0.000183415 573 1 114 1 
381 0.000239978 400 1 111 1 
360 0.000173712 437 1 117 1 
347 2.69259e-05 326 1 124 0 
343 0.000196543 362 1 126 0 
347 7.25892e-05 560 1 120 0 
346 0.000153217 465 1 121 0 
344 6.65926e-05 396 1 117 1 
365 0.000107553 415 1 114 1 
425 1.52819e-05 359 1 117 0 
370 5.54657e-05 408 1 116 1 
345 0.000135942 461 1 110 1 
346 7.56346e-05 456 1 113 1 
340 4.20721e-05 346 1 126 0 
354 1.5221e-05 256 1 126 0 
356 2.19718e-05 552 1 122 0 
362 0.000113261 306 1 119 1 
435 4.20715e-05 479 1 119 0 
375 1.24205e-05 1544 1 116 1 
350 0.000146717 506 1 117 1 
344 3.52521e-05 266 1 124 0 
356 0.000126578 387 1 122 0 
355 4.80999e-06 256 1 127 0 
352 5.70827e-06 245 1 128 0 
348 9.13262e-05 326 1 125 0 
354 0.000151855 466 1 122 0 
364 0 446 1 116 0 
358 2.86205e-05 437 1 116 1 
350 4.56631e-05 438 1 128 0 
352 6.75054e-06 553 1 128 0 
357 2.85398e-05 334 1 113 0 
351 1.24205e-05 326 1 123 0 
350 6.05273e-05 308 1 126 0 
351 2.19339e-05 259 1 119 0 
350 5.54653e-05 308 1 126 0 
341 2.85402e-05 464 1 118 0 
346 5.85107e-05 413 1 122 0 
344 4.56631e-05 261 1 121 0 
336 0.000153317 377 1 118 0 
348 9.35635e-05 493 1 121 0 
339 0.000188362 566 1 126 1 
320 3.52521e-05 452 1 125 1 
310 0.000750119 411 1 117 0 
320 0.000844301 330 1 115 0 
347 6.71262e-06 496 1 122 0 
357 0.000820087 582 1 123 0 
364 0 486 1 113 0 
347 9.13275e-05 460 1 121 1 
329 0.00047042 382 1 126 1 
294 2.19942e-05 577 1 118 1 
284 0.000195111 441 1 115 0 
311 0.000486719 580 1 113 0 
320 0.000722468 330 1 114 0 
333 2.85394e-05 561 1 119 0 
345 0.000136093 278 1 120 1 
400 0.000517809 339 1 112 1 
490 3.2634e-05 477 1 118 0 
428 3.52521e-05 435 1 116 0 
388 0.000122774 531 1 114 1 
346 4.21469e-05 519 1 123 1 
341 9.13275e-05 379 1 121 0 
347 6.71272e-06 560 1 122 0 
336 8.90661e-05 561 1 117 1 
345 5.70789e-06 510 1 107 1 
355 2.85398e-05 280 1 117 1 
397 0.000159106 504 1 112 0 
371 0.000113261 1544 1 114 1 
359 0.000379632 352 1 110 1 
336 5.24144e-05 567 1 126 0 
338 0.000118178 482 1 121 0 
347 2.19336e-05 381 1 120 0 
347 1.24583e-05 381 1 122 0 
356 5.70789e-06 305 1 125 0 
375 6.04136e-05 281 1 116 1 
392 0.000394501 572 1 117 1 
368 4.20716e-05 333 1 118 1 
357 0.000159105 582 1 121 0 
357 1.24609e-05 499 1 119 0 
352 2.69261e-05 470 1 128 0 
345 3.52899e-05 348 1 121 0 
355 1.5221e-05 570 1 121 0 
356 5.70789e-06 582 1 118 1 
359 5.54659e-05 350 1 116 1 
386 5.70789e-06 923 1 112 1 
442 2.49477e-05 530 1 115 1 
476 5.70789e-06 428 1 116 1 
489 0.000487021 476 1 116 1 
430 2.68707e-05 359 1 118 0 
394 0.000179138 429 1 114 0 
453 0.000107402 341 1 117 0 
553 0.000146793 433 1 118 1 
559 0.076973 684 1 119 1 
528 0.000512346 514 1 118 0 
435 6.71262e-06 573 1 117 0 
386 0.000180394 531 1 114 0 
361 0.000107553 334 1 113 1 
351 4.80999e-06 365 1 128 0 
345 1.24609e-05 266 1 128 0 
325 7.2589e-05 463 1 123 0 
299 9.13275e-05 451 1 116 0 
308 2.19336e-05 384 1 117 0 
311 0.000198879 385 1 114 0 
300 0.000926134 404 1 115 1 
338 0.00010565 527 1 120 0 
365 4.21469e-05 583 1 116 0 
351 0.00022758 409 1 112 1 
339 0.0003087 576 1 121 1 
322 9.13262e-05 459 1 123 1 
304 0.000173712 383 1 122 1 
306 0.000299171 520 1 118 0 
321 3.52521e-05 390 1 125 1 
248 0.00114161 532 1 120 1 
234 0.000344668 453 1 122 1 
327 0.000430211 448 1 117 1 
351 0.00070223 461 1 113 1 
323 0.00093334 517 1 120 1 
310 0.000716309 457 1 118 1 
330 0.000159106 448 1 123 1 
352 0.00010619 506 1 118 1 
357 0.000127119 409 1 108 1 
345 0.000375111 575 1 115 1 
330 6.04136e-05 410 1 126 0 
343 8.8953e-05 347 1 119 0 
349 8.90672e-05 276 1 121 0 
355 6.05267e-05 305 1 126 0 
355 6.71262e-06 485 1 121 0 
358 1.24205e-05 358 1 120 1 
357 0.000122835 468 1 121 0 
353 3.52904e-05 303 1 128 0 
351 5.54663e-05 364 1 126 0 
356 6.62349e-05 418 1 120 1 
351 9.35187e-05 529 1 117 1 
354 6.71272e-06 406 1 116 1 
474 0.000973685 476 1 117 1 
527 0.000428309 432 1 117 1 
498 0.000668602 432 1 120 0 
471 7.33051e-05 477 1 118 0 
443 7.25895e-05 341 1 119 0 
392 0.000113261 430 1 116 0 
360 3.52904e-05 306 1 119 0 
341 0.00023503 362 1 123 0 
345 4.21477e-05 501 1 118 0 
352 1.52216e-05 508 1 122 0 
356 1.24609e-05 550 1 120 0 
365 5.70789e-06 583 1 110 0 
346 4.84791e-06 335 1 128 0 
348 2.86201e-05 275 1 122 0 
344 1.52216e-05 348 1 121 0 
356 7.25897e-05 552 1 125 0 
353 1.24205e-05 309 1 127 0 
344 3.52521e-05 267 1 120 0 
349 2.69261e-05 275 1 122 0 
352 2.20321e-05 372 1 115 0 
350 4.20715e-05 308 1 123 0 
348 0.000118178 928 1 122 0 
350 4.80999e-06 275 1 122 0 
356 2.19342e-05 387 1 122 0 
358 2.19339e-05 258 1 117 0 
351 2.19336e-05 326 1 123 0 
347 4.56631e-05 381 1 120 0 
344 1.24583e-05 421 1 121 0 
356 7.25897e-05 582 1 119 1 
432 0.000158924 340 1 114 0 
378 3.52524e-05 436 1 115 1 
354 0.000113302 409 1 117 1 
348 2.19335e-05 273 1 126 0 
353 2.69261e-05 363 1 122 0 
348 0.0011963 278 1 115 1 
347 0.000153217 509 1 108 1 
327 0.000727604 715 2 110 1 
321 0.000545702 1547 1 116 1 
426 0.00138385 1430 1 123 1 
541 0.000983197 433 1 119 1 
378 0.00124717 343 1 107 1 
337 0.000668601 1545 1 104 1 
335 0.00015174 462 1 115 1 
349 5.70789e-06 447 1 112 1 
347 9.34436e-05 361 1 121 1 
326 0.000174145 390 1 125 1 
256 0.000335156 392 1 117 1 
250 3.53327e-05 578 1 116 0 
276 0.000336092 579 1 111 0 
260 0.0011613 393 1 111 0 
240 0.000813473 524 1 115 0 
308 9.80401e-05 394 1 115 0 
344 8.90669e-05 386 1 121 0 
339 0.000159143 925 1 117 1 
357 5.70789e-06 424 1 117 1 
449 7.33051e-05 427 1 116 1 
406 1.52819e-05 342 1 112 1 
288 0.000344669 450 1 122 1 
118 0.00246538 539 0 91 1 
100 0.00378711 537 0 83 1 
41 0.00101159 536 0 34 1 
58 0.000857989 201 0 53 1 
224 0.000215288 77 4 117 1 
234 0.000335941 233 4 113 1 
223 2.19336e-05 454 1 117 1 
277 0.000900714 458 1 118 1 
317 1.24582e-05 210 4 120 1 
279 5.23755e-05 87 5 118 1 
258 0.000430443 155 5 117 1 
260 6.05267e-05 32 5 123 1 
287 2.19338e-05 124 4 112 1 
270 9.35641e-05 142 5 119 1 
264 3.26342e-05 71 4 113 1 
269 6.62346e-05 226 4 124 1 
262 6.71262e-06 114 4 113 1 
357 6.75045e-06 358 1 119 0 
373 6.65926e-05 282 1 112 0 
357 6.62752e-05 468 1 121 0 
353 2.68505e-05 295 1 128 0 
352 6.71262e-06 245 1 128 0 
350 5.23768e-05 290 1 126 0 
352 2.68505e-05 277 1 121 0 
355 5.70789e-06 485 1 121 0 
350 4.20715e-05 308 1 123 0 
348 7.33058e-05 294 1 122 0 
348 9.34435e-05 336 1 121 0 
338 0.000212921 831 1 120 0 
352 2.50235e-05 498 1 121 0 
357 0.000107573 468 1 120 1 
363 2.49479e-05 258 1 117 0 
357 2.19719e-05 334 1 114 0 
346 6.05273e-05 519 1 120 1 
341 3.52521e-05 325 1 126 0 
339 4.20713e-05 402 1 120 0 
347 4.80999e-06 560 1 121 0 
356 3.52528e-05 387 1 122 0 
381 9.35187e-05 416 1 114 1 
430 4.80999e-06 504 1 114 0 
436 2.85398e-05 431 1 117 0 
376 0.000136093 343 1 108 1 
356 0.000179062 461 1 111 1 
342 7.259e-05 354 1 117 1 
300 7.25145e-05 450 1 118 1 
266 0.000179062 392 1 116 0 
304 0.000445433 393 1 112 0 
335 0.000120027 377 1 115 0 
343 1.24583e-05 347 1 120 0 
360 1.24205e-05 417 1 118 1 
368 0.000228318 430 1 112 0 
350 6.6592e-05 438 1 128 0 
343 4.21062e-05 624 2 126 1 
343 2.68852e-05 624 2 127 1 
339 6.65932e-05 624 2 126 1 
336 0.000106159 586 2 127 1 
329 4.21099e-05 861 2 127 1 
353 4.21622e-05 812 2 125 1 
353 4.21622e-05 812 2 125 1 
348 0 611 2 126 1 
338 3.52596e-05 631 2 126 1 
335 2.1942e-05 588 2 126 1 
333 3.52596e-05 888 2 127 1 
340 0 811 2 125 1 
350 4.56636e-05 790 2 124 1 
351 4.82133e-06 590 2 124 1 
347 5.23833e-05 641 2 127 1 
335 1.24288e-05 588 2 127 1 
334 4.81754e-06 856 2 126 1 
377 6.72102e-06 782 2 123 0 
383 2.68882e-05 884 2 124 1 
354 0.000166139 783 2 120 1 
344 3.25961e-05 619 2 125 1 
337 2.4978e-05 593 2 126 1 
332 6.62434e-05 722 2 126 1 
322 2.1945e-05 810 2 124 1 
329 1.24281e-05 768 2 125 0 
382 2.49856e-05 603 2 124 1 
349 2.49856e-05 892 2 125 1 
330 0.000240092 688 2 126 1 
326 5.2388e-05 784 2 124 1 
324 4.21099e-05 845 2 126 1 
320 1.5221e-05 646 2 126 1 
316 9.81889e-05 879 2 126 1 
336 4.82132e-06 738 2 124 0 
377 6.72016e-06 610 2 126 1 
347 6.72017e-06 592 2 125 1 
341 2.68883e-05 693 2 126 1 
332 3.52604e-05 850 2 126 1 
304 3.25965e-05 627 2 123 0 
325 6.72396e-06 628 2 124 0 
344 2.49856e-05 599 2 127 1 
336 0 606 2 126 1 
324 1.24284e-05 845 2 126 1 
307 0.000126587 905 2 124 0 
328 3.53441e-05 875 2 124 0 
347 4.21096e-05 788 2 124 0 
350 1.52213e-05 791 2 126 1 
339 5.70789e-06 693 2 126 1 
326 2.49841e-05 843 2 126 1 
309 8.90437e-05 616 2 125 1 
315 7.25513e-05 752 2 123 0 
319 6.72406e-06 754 2 122 0 
355 4.56636e-05 805 2 122 0 
359 1.24283e-05 753 2 123 0 
359 1.2429e-05 877 2 124 1 
364 9.34732e-05 723 2 125 1 
350 5.70789e-06 590 2 125 1 
349 6.72395e-06 630 2 125 1 
349 2.19412e-05 892 2 126 1 
341 9.13275e-05 854 2 126 1 
323 5.54285e-05 894 2 122 1 
326 1.24288e-05 843 2 126 1 
323 7.57253e-05 775 2 126 1 
313 4.21698e-05 616 2 125 1 
328 6.72395e-06 768 2 125 0 
340 0 811 2 125 1 
345 4.56636e-05 769 2 125 1 
352 2.68898e-05 590 2 124 1 
354 5.55084e-05 783 2 126 1 
339 2.1945e-05 605 2 125 1 
325 3.25965e-05 814 2 120 1 
323 5.54285e-05 894 2 122 1 
317 1.24288e-05 895 2 125 1 
308 7.33133e-05 780 2 124 1 
298 0.000212705 767 2 123 1 
299 7.34343e-05 622 2 122 0 
301 0.000212864 634 2 121 0 
325 5.2477e-05 662 2 122 0 
329 3.5252e-05 756 2 122 0 
398 4.21698e-05 840 2 123 0 
411 0.000289039 889 2 124 0 
395 0 852 2 123 0 
381 4.81754e-06 603 2 124 1 
354 6.6713e-05 783 2 126 1 
319 4.5664e-05 763 2 118 1 
191 0.000259568 824 1 107 1 
171 7.56344e-05 669 1 106 1 
150 5.70789e-06 672 1 98 1 
153 0.000335155 707 1 98 1 
258 0.000430334 765 2 117 1 
242 9.13275e-05 801 2 112 1 
295 6.62007e-05 658 2 121 0 
286 0.000173712 660 2 117 0 
290 0.000127006 678 2 117 0 
306 7.5748e-05 635 2 121 0 
249 9.13275e-05 680 2 116 0 
255 0.000332605 804 2 117 0 
288 6.65932e-05 682 2 117 0 
295 0.00052154 683 2 118 0 
371 0.000333321 1234 2 121 0 
566 1 2.14748e+09 2 125 0 
457 8.9044e-05 759 2 120 0 
412 6.72026e-06 702 2 120 1 
341 9.13275e-05 854 2 126 1 
337 5.70827e-06 593 2 126 1 
330 2.68898e-05 607 2 126 1 
321 0 608 2 125 1 
326 3.52642e-05 589 2 126 1 
330 5.23832e-05 794 2 126 1 
342 9.13275e-05 885 2 126 1 
335 0 855 2 126 1 
329 6.6713e-05 621 2 126 1 
302 0.000270525 800 2 122 1 
306 9.34814e-05 749 2 125 1 
317 8.90323e-05 879 2 123 0 
325 1.24319e-05 736 2 122 0 
426 9.13268e-05 869 2 124 0 
435 8.90349e-05 889 2 125 0 
415 0.000107573 1141 2 122 1 
380 0.000153217 796 2 117 1 
350 0.00017375 871 2 111 1 
326 0.000308474 819 1 112 1 
244 0.000235252 778 1 107 1 
168 5.86243e-05 670 1 108 1 
237 0.000601688 719 1 120 1 
294 7.25513e-05 696 2 123 1 
302 9.14674e-05 657 2 124 1 
363 0.000287736 805 2 122 0 
424 0 700 2 124 0 
408 0.000146917 701 2 125 1 
365 4.82134e-06 797 2 115 1 
337 0.000344669 821 2 108 1 
343 0.00154058 926 1 116 1 
302 8.89529e-05 818 1 111 1 
233 4.20714e-05 706 1 105 1 
258 0.000195082 729 1 117 1 
297 9.80477e-05 844 2 120 1 
313 1.24318e-05 730 2 123 1 
334 0.000259503 850 2 126 1 
377 1.24318e-05 603 2 125 1 
378 5.23875e-05 853 2 124 1 
343 1.52816e-05 762 2 117 1 
327 0.000174191 777 2 110 1 
324 0.000158963 726 2 107 1 
288 0.00018036 914 1 119 1 
274 0.000346795 728 1 118 1 
314 0.000195288 896 2 123 1 
302 4.56631e-05 749 2 122 1 
262 0.000320311 801 2 113 1 
255 4.80995e-06 732 2 113 1 
236 0.000257389 751 2 112 0 
273 0.000136093 677 2 116 0 
326 4.21017e-05 838 2 122 0 
342 4.21017e-05 629 2 124 0 
338 3.53445e-05 737 2 125 1 
325 7.25513e-05 648 2 125 1 
313 9.80463e-05 616 2 126 1 
330 7.25498e-05 722 2 126 1 
317 0.000146754 644 2 122 1 
311 3.25962e-05 742 2 120 1 
325 9.34802e-05 915 2 119 1 
328 1.2428e-05 808 2 126 1 
321 0.000319906 705 1 113 1 
315 7.25135e-05 746 1 115 1 
317 0.000146754 644 2 122 1 
307 4.81755e-06 657 2 125 1 
281 0.000118199 675 2 118 1 
271 9.13275e-05 735 2 116 0 
316 6.65926e-05 635 2 121 0 
369 9.8047e-05 876 2 122 0 
324 1.24282e-05 699 2 122 0 
330 0.000107538 839 2 122 0 
341 0.000213667 711 2 123 0 
385 0.000195283 1234 2 123 0 
493 7.57142e-05 882 2 124 0 
493 0.000234627 1153 2 120 0 
452 0.000344563 685 2 116 1 
413 0.000356404 760 2 113 1 
347 2.85398e-05 871 2 117 1 
320 6.62008e-05 744 2 119 1 
298 0.000420775 816 1 110 1 
283 2.85394e-05 898 2 120 1 
277 9.34814e-05 899 2 114 1 
307 6.04929e-05 633 2 125 1 
331 4.57644e-05 842 2 125 0 
353 6.72396e-06 638 2 124 1 
378 3.25886e-05 610 2 125 1 
347 1.24319e-05 916 2 121 1 
325 2.49856e-05 814 2 120 1 
320 4.81752e-06 644 2 119 1 
326 5.23842e-05 745 2 125 1 
324 4.81754e-06 845 2 126 1 
323 6.72016e-06 739 2 125 1 
345 9.8047e-05 704 2 112 1 
277 0.000180394 717 1 110 1 
307 0.000183324 793 2 122 1 
311 0.000126587 740 2 126 1 
356 0.000106156 857 2 125 1 
380 9.34793e-05 847 2 122 0 
359 0.000118208 910 2 126 1 
328 5.70789e-06 859 2 126 1 
321 9.13262e-05 632 2 124 1 
328 0.000118213 741 2 126 1 
323 7.33122e-05 691 2 125 1 
348 5.54277e-05 637 2 125 0 
391 2.19415e-05 909 2 123 0 
360 2.1943e-05 877 2 124 1 
354 3.53441e-05 812 2 125 1 
326 2.1945e-05 784 2 125 1 
313 0.000122819 730 2 122 1 
333 4.82133e-06 600 2 127 1 
361 2.68898e-05 639 2 124 1 
401 2.85394e-05 686 2 119 1 
367 0.00017413 703 2 116 1 
321 0.000151853 727 2 112 1 
305 2.19418e-05 743 2 118 1 
304 0.000259756 721 2 123 1 
264 0.000174145 766 2 115 1 
210 0.000428309 733 2 106 0 
262 5.24766e-05 864 2 116 0 
277 0.000396321 868 2 120 0 
370 4.21093e-05 841 2 122 0 
352 2.68898e-05 590 2 124 1 
338 3.52596e-05 631 2 126 1 
329 4.57639e-05 694 2 126 1 
324 6.72396e-06 645 2 126 1 
323 5.54201e-05 691 2 125 1 
341 1.24684e-05 650 2 125 1 
355 4.2102e-05 639 2 125 1 
353 6.72395e-06 652 2 124 1 
329 0.000107538 612 2 120 1 
308 6.04928e-05 743 2 117 1 
311 9.35181e-05 746 1 111 1 
232 0.000247816 718 1 107 1 
311 0.000763345 747 1 113 1 
336 0.000106191 716 1 118 1 
332 0.000357987 715 2 114 1 
349 0.000420589 704 2 108 1 
376 3.25961e-05 884 2 124 0 
237 9.13275e-05 733 2 113 1 
233 0.000183263 719 1 113 1 
297 0.000118252 818 1 114 1 
327 0.000195312 827 1 121 1 
347 9.8078e-05 926 1 121 1 
346 0.000239978 927 1 108 1 
339 0.00034657 927 1 107 1 
342 0.000146717 930 1 112 1 
342 6.04138e-05 489 1 121 0 
338 2.69261e-05 527 1 120 0 
354 1.52216e-05 363 1 122 0 
364 7.26905e-05 425 1 113 1 
308 0.000458449 511 2 113 1 
390 0.000572942 761 2 111 1 
411 3.25963e-05 702 2 123 1 
336 4.56636e-05 839 2 122 0 
346 4.82134e-06 881 2 122 0 
407 7.25518e-05 712 2 124 0 
388 2.68884e-05 663 2 123 0 
336 4.2102e-05 737 2 124 0 
327 6.72092e-06 786 2 126 1 
307 4.21093e-05 721 2 121 1 
326 5.54284e-05 786 2 126 1 
356 0.000106156 857 2 125 1 
407 0.000107553 713 2 124 0 
402 3.25948e-05 847 2 123 0 
374 6.72092e-06 822 2 124 0 
335 6.62121e-05 606 2 126 1 
318 2.4978e-05 646 2 126 1 
397 1.24288e-05 848 2 123 0 
382 0.000118215 796 2 122 1 
348 1.2428e-05 611 2 126 1 
336 6.72017e-06 688 2 126 1 
336 6.72016e-06 888 2 126 1 
375 6.72396e-06 602 2 123 0 
381 4.81754e-06 603 2 124 1 
329 3.53403e-05 694 2 126 1 
327 5.54262e-05 741 2 126 1 
331 3.25885e-05 794 2 127 1 
345 4.81905e-06 903 2 125 1 
270 0.000179242 864 2 118 0 
271 0.000677879 659 2 116 0 
242 0.000561752 864 2 111 0 
211 0.000180555 734 2 106 0 
209 0.000333576 679 2 112 0 
327 0.000174146 756 2 123 0 
456 0.000106156 758 2 124 0 
441 8.90323e-05 685 2 120 1 
351 7.33127e-05 714 2 115 1 
325 2.19412e-05 915 2 125 1 
326 5.70789e-06 887 2 126 1 
326 2.19456e-05 589 2 125 1 
330 7.33127e-05 902 2 125 0 
387 0.000146916 840 2 123 0 
363 5.2384e-05 602 2 124 0 
336 2.68852e-05 587 2 127 1 
319 0.000106156 690 2 125 1 
321 2.68882e-05 623 2 125 0 
349 0.000107538 636 2 122 0 
497 0.00126254 1148 2 123 0 
496 9.34793e-05 1153 2 127 0 
387 5.5428e-05 852 2 124 1 
349 7.33128e-05 667 2 126 1 
329 5.54246e-05 722 2 126 1 
328 2.1945e-05 886 2 126 1 
338 3.526e-05 596 2 126 1 
453 0.000152211 883 2 126 0 
441 2.19412e-05 685 2 118 1 
377 4.81755e-06 770 2 126 1 
350 1.52213e-05 652 2 126 1 
330 0.000127217 688 2 126 1 
327 2.19412e-05 893 2 125 1 
320 4.21083e-05 785 2 125 1 
320 6.04929e-05 785 2 125 1 
265 0.000478556 720 2 121 1 
289 0.000196581 696 2 120 1 
292 0.00017379 731 2 119 1 
300 0.00012658 660 2 121 0 
315 0.000106156 906 2 125 0 
335 4.56636e-05 907 2 124 0 
349 0 597 2 125 1 
336 0.000106159 586 2 127 1 
310 0.000241994 698 2 123 0 
329 0.000122774 902 2 124 0 
349 5.23875e-05 636 2 122 0 
379 4.56636e-05 663 2 122 0 
405 6.72016e-06 664 2 124 0 
375 6.72016e-06 891 2 125 1 
348 0 892 2 126 1 
325 4.82134e-06 814 2 120 1 
326 1.5221e-05 784 2 126 1 
297 0.000127039 764 1 114 1 
329 3.53403e-05 612 2 125 1 
349 7.26522e-05 604 2 123 1 
344 6.65926e-05 918 2 109 1 
348 6.61214e-05 821 2 108 1 
412 6.72026e-06 702 2 120 1 
531 0.000782598 1233 2 118 1 
460 0.000379872 1232 2 115 1 
304 5.53902e-05 1152 2 111 1 
391 5.8511e-05 397 1 112 1 
369 2.19336e-05 571 1 112 1 
343 0.000158924 279 1 119 1 
360 0.00620578 834 1 117 1 
348 0.0014462 926 1 114 1 
352 6.6713e-05 833 1 122 0 
342 5.54655e-05 509 1 113 1 
344 0.00027232 405 1 112 1 
342 6.61212e-05 509 1 119 1 
379 3.25948e-05 1017 2 127 0 
381 4.56636e-05 1217 2 128 0 
381 4.56636e-05 1217 2 128 0 
379 3.25948e-05 1017 2 127 0 
375 0 1081 2 125 0 
386 0 1274 2 126 0 
374 2.68882e-05 1216 2 128 0 
372 6.0493e-05 986 2 127 0 
371 3.25963e-05 939 2 127 0 
381 1.52213e-05 1196 2 128 0 
380 1.24318e-05 941 2 128 0 
368 0 1311 2 127 0 
374 7.57255e-05 983 2 126 0 
374 7.57255e-05 983 2 126 0 
379 9.81882e-05 1003 2 126 0 
394 9.59566e-11 998 2 123 0 
408 4.81905e-06 1211 2 125 0 
383 1.2428e-05 1038 2 128 0 
370 2.1945e-05 1305 2 128 0 
370 2.1945e-05 1132 2 128 0 
368 2.85394e-05 1311 2 127 0 
375 1.2432e-05 1119 2 125 0 
413 5.70789e-06 1145 2 123 0 
512 7.25518e-05 1137 2 120 1 
468 5.70789e-06 1051 2 127 0 
380 1.24282e-05 1185 2 127 0 
350 3.25961e-05 1061 2 128 0 
343 9.81882e-05 1291 2 126 0 
354 6.72395e-06 1297 2 125 0 
368 5.23845e-05 940 2 127 0 
385 5.70789e-06 1085 2 127 0 
405 3.52638e-05 1134 2 126 0 
442 6.72168e-06 1122 2 124 0 
398 4.21017e-05 1117 2 127 0 
365 1.24281e-05 1060 2 128 0 
370 1.24318e-05 1097 2 128 0 
376 0 1243 2 125 0 
384 5.5428e-05 962 2 126 0 
400 5.23875e-05 1155 2 126 0 
425 1.52213e-05 1116 2 125 0 
428 0.000118356 1131 2 128 0 
382 7.25518e-05 1206 2 128 0 
381 8.9044e-05 1196 2 128 0 
378 1.24288e-05 933 2 127 0 
376 6.72395e-06 1172 2 126 0 
391 4.81755e-06 1171 2 124 1 
442 5.74826e-06 1065 2 122 0 
420 7.33135e-05 964 2 125 0 
390 6.62076e-05 1068 2 128 0 
371 6.72026e-06 939 2 127 0 
374 3.52634e-05 953 2 125 0 
377 2.19412e-05 1186 2 126 0 
377 1.24319e-05 997 2 126 0 
394 4.21096e-05 1135 2 125 0 
374 2.19453e-05 1118 2 128 0 
366 1.24298e-05 1063 2 126 0 
364 0.000127085 1248 2 123 0 
359 0.000174146 1248 2 121 0 
356 0.000118215 1008 2 119 1 
366 0.000213668 1005 2 126 1 
382 2.4978e-05 1200 2 124 1 
392 4.21017e-05 1007 2 125 0 
384 3.526e-05 1025 2 127 0 
374 4.21108e-05 1032 2 125 0 
374 1.5221e-05 953 2 125 0 
378 6.72396e-06 946 2 126 0 
395 1.2428e-05 1026 2 123 0 
378 1.52213e-05 1074 2 125 0 
372 0 1182 2 126 0 
371 0.000113185 1114 2 125 1 
377 4.20717e-05 1010 2 125 1 
388 1.52213e-05 1088 2 125 0 
371 5.70789e-06 1093 2 125 0 
370 4.21093e-05 1094 2 125 1 
379 1.24205e-05 1010 2 121 1 
398 0.000136078 963 2 125 0 
363 9.1468e-05 1199 2 123 1 
365 4.21474e-05 991 2 126 1 
384 0.000572942 977 2 124 1 
398 6.65926e-05 1179 2 124 0 
381 2.19422e-05 1082 2 125 0 
369 7.33133e-05 1198 2 126 0 
440 9.59566e-11 978 2 122 0 
415 3.52611e-05 1052 2 125 0 
388 1.52816e-05 1053 2 128 0 
381 5.70789e-06 1082 2 125 0 
414 2.19427e-05 1052 2 125 0 
376 0.000120028 949 2 128 0 
375 4.81753e-06 1118 2 128 0 
411 0.000146916 1029 2 123 0 
373 3.25963e-05 1215 2 127 0 
339 0.00019888 1072 2 120 0 
360 5.23875e-05 966 2 128 0 
388 5.55008e-05 1205 2 127 0 
398 7.25518e-05 1136 2 123 0 
498 2.85398e-05 1259 2 121 1 
542 0.00042083 1138 2 124 0 
423 0.000107538 1253 2 123 0 
362 9.34732e-05 1022 2 127 0 
361 0.000107538 1124 2 127 0 
375 1.24282e-05 1081 2 125 0 
388 1.24283e-05 1088 2 125 0 
423 0.000118356 1176 2 123 0 
479 0 1154 2 122 1 
514 0.000257192 1184 2 121 0 
442 4.57644e-05 1077 2 125 0 
387 2.68883e-05 1160 2 128 0 
381 7.57858e-05 973 2 128 0 
378 6.72168e-06 932 2 127 0 
380 2.49856e-05 1012 2 125 0 
384 2.19415e-05 962 2 126 0 
355 2.68884e-05 1054 2 128 0 
313 0.000107477 1047 2 124 0 
319 1.2432e-05 1055 2 124 0 
339 2.85394e-05 1262 2 126 0 
327 2.1945e-05 1055 2 126 0 
253 0.00039604 1300 2 122 0 
294 0.000153216 1294 2 123 0 
403 1.2428e-05 1267 2 123 0 
474 0.00131745 1066 2 127 0 
424 2.68852e-05 1195 2 125 0 
390 3.25931e-05 1068 2 128 0 
357 2.68883e-05 1111 2 128 0 
328 6.04929e-05 1046 2 124 0 
355 5.5428e-05 1297 2 127 0 
379 3.25948e-05 1017 2 127 0 
381 3.526e-05 1196 2 128 0 
381 6.05042e-05 1196 2 128 0 
370 2.68882e-05 1019 2 128 0 
354 6.62008e-05 1043 2 128 0 
348 1.2432e-05 1284 2 126 0 
367 5.85925e-05 1310 2 126 0 
384 5.23837e-05 1025 2 125 0 
449 5.85902e-05 1089 2 122 0 
481 0.000195083 1184 2 126 0 
402 2.85398e-05 1144 2 128 0 
393 5.54265e-05 1269 2 128 0 
440 4.57644e-05 1089 2 125 0 
484 0.000127097 1036 2 121 1 
395 0.000107553 1021 2 122 0 
353 0.000213725 1078 2 124 0 
360 4.21093e-05 1031 2 127 0 
383 5.70789e-06 1210 2 126 0 
398 4.21096e-05 1136 2 123 0 
419 3.25962e-05 1034 2 124 1 
461 0.000122774 956 2 126 0 
374 7.57138e-05 1096 2 120 0 
307 0.000118253 1207 2 128 0 
364 6.72017e-06 1246 2 128 0 
376 1.5221e-05 1041 2 125 0 
383 3.52615e-05 937 2 125 0 
357 1.24722e-05 1031 2 127 0 
366 6.62009e-05 1209 2 127 0 
388 1.24281e-05 1128 2 127 0 
452 2.02145e-08 1201 2 124 0 
373 6.72016e-06 1204 2 124 0 
390 4.81753e-06 993 2 125 0 
453 1.2428e-05 1149 2 124 0 
410 1.52213e-05 1159 2 126 0 
409 0.000105635 1076 2 122 1 
440 4.57644e-05 1089 2 125 0 
373 2.20017e-05 1204 2 124 0 
375 0.000136078 1241 2 125 1 
438 1.2428e-05 1014 2 123 0 
388 1.52213e-05 1071 2 122 0 
372 0 986 2 128 0 
377 2.19412e-05 1186 2 126 0 
386 0.000119867 977 2 125 1 
430 0.000113246 1252 2 120 1 
427 6.72016e-06 1156 2 128 0 
374 2.68882e-05 1216 2 128 0 
374 7.25518e-05 1119 2 125 0 
416 6.72395e-06 1145 2 124 0 
382 8.9068e-05 1050 2 123 0 
326 0.000213725 1290 2 128 0 
352 3.25962e-05 1056 2 127 0 
361 1.2428e-05 1307 2 127 0 
388 2.86201e-05 985 2 127 0 
411 5.54281e-05 1159 2 126 0 
365 7.33127e-05 950 2 128 0 
363 1.52213e-05 1285 2 125 0 
367 7.33128e-05 1273 2 125 1 
375 2.85398e-05 1250 2 124 1 
396 4.82134e-06 1129 2 124 1 
437 0 1069 2 125 0 
399 4.56636e-05 1021 2 126 0 
376 6.65926e-05 974 2 128 0 
376 5.70789e-06 1243 2 125 0 
413 6.62008e-05 1145 2 124 0 
442 6.74038e-06 1065 2 122 0 
447 4.2108e-05 1086 2 124 0 
374 3.25963e-05 1019 2 128 0 
365 5.23875e-05 951 2 128 0 
374 2.1945e-05 1032 2 125 0 
408 4.81754e-06 1110 2 126 0 
419 2.19415e-05 1101 2 128 0 
390 6.74038e-06 1230 2 127 0 
398 0.000118215 1179 2 124 1 
465 2.19415e-05 1070 2 122 0 
459 0.000174139 1066 2 126 0 
372 4.21096e-05 1020 2 128 0 
376 5.70789e-06 1243 2 125 0 
412 3.25886e-05 1159 2 125 0 
399 0 970 2 126 0 
406 5.70789e-06 1120 2 124 0 
524 0.000398186 1233 2 122 1 
549 0.000927199 684 2 125 0 
519 0.000445403 1233 2 122 1 
388 0.000118356 761 2 110 1 
425 0.000146755 890 2 122 1 
493 0.000247693 883 2 126 0 
375 0.00101373 1266 2 123 0 
411 2.1945e-05 1127 2 128 0 
419 5.5428e-05 1095 2 123 0 
403 8.91247e-05 1091 2 120 1 
437 0.00082003 1232 2 122 1 
547 0.00025937 1138 2 125 0 
460 1.2428e-05 1130 2 124 0 
392 0.00019888 1146 2 115 1 
315 0.000299246 1152 2 114 1 
316 0.000432906 511 2 110 1 
527 0.000326628 684 2 125 0 
482 4.56636e-05 1027 2 122 1 
407 5.70789e-06 1090 2 126 0 
428 5.54201e-05 1037 2 128 0 
368 6.72395e-06 967 2 128 0 
368 0.000127209 1203 2 127 0 
417 2.19412e-05 971 2 125 0 
391 6.04928e-05 1206 2 128 0 
378 5.70789e-06 932 2 127 0 
374 0.000126587 983 2 125 0 
362 4.21108e-05 1112 2 123 0 
338 0.000320261 1221 2 121 0 
301 0.00152422 1221 2 110 0 
281 0.00043593 1165 2 106 1 
231 0.000611029 1166 2 96 1 
177 0.00200746 1169 2 94 1 
313 0.00111261 1256 2 115 1 
357 0.000107553 1009 2 123 1 
396 4.82134e-06 1178 2 125 1 
378 6.0493e-05 1186 2 126 0 
373 5.5428e-05 1094 2 124 0 
378 0.00012674 1257 2 119 1 
374 0.000487648 1010 2 117 1 
428 6.72015e-06 1100 2 121 1 
393 1.24319e-05 1007 2 125 0 
397 4.56636e-05 1129 2 124 1 
409 1.24281e-05 1034 2 123 0 
354 2.1945e-05 1073 2 127 0 
368 8.90349e-05 1203 2 127 0 
374 5.23875e-05 1241 2 126 0 
395 1.24283e-05 1115 2 124 1 
524 9.34793e-05 1028 2 124 0 
384 3.25963e-05 1038 2 127 0 
379 1.52213e-05 969 2 126 0 
376 0.000332734 1228 2 120 1 
355 0.00115113 1147 2 118 1 
480 0.000241994 1027 2 121 1 
370 2.68882e-05 1019 2 128 0 
334 0.000247679 1164 2 121 0 
347 2.19453e-05 1226 2 118 1 
375 2.19336e-05 1174 2 118 1 
424 0.00023503 1147 2 120 1 
428 0.000146752 1086 2 124 0 
385 5.55008e-05 980 2 128 0 
367 2.85398e-05 1158 2 126 0 
371 3.53441e-05 1087 2 125 0 
369 2.85398e-05 1238 2 125 1 
386 2.85398e-05 1171 2 125 1 
454 9.34793e-05 1066 2 123 0 
392 1.2432e-05 1278 2 128 0 
373 1.24296e-05 995 2 126 0 
374 0.000195082 983 2 124 0 
390 3.25961e-05 1230 2 125 0 
392 1.52213e-05 1278 2 128 0 
322 5.53902e-05 1106 2 128 0 
352 2.19415e-05 1083 2 127 0 
367 3.52607e-05 1158 2 126 0 
384 5.70808e-06 962 2 126 0 
409 1.24298e-05 1015 2 126 0 
373 1.24296e-05 995 2 126 0 
399 2.68882e-05 970 2 126 0 
396 6.72396e-06 1129 2 123 1 
381 5.85902e-05 1185 2 127 0 
378 6.62008e-05 974 2 128 0 
386 0 1016 2 128 0 
411 2.19412e-05 1127 2 128 0 
344 9.1468e-05 1254 2 127 0 
348 5.23837e-05 1247 2 123 0 
355 0.000179278 988 2 122 0 
354 4.81752e-06 990 2 118 1 
360 0.000241972 1008 2 122 1 
386 1.24298e-05 1274 2 128 0 
370 3.25961e-05 1097 2 128 0 
351 2.1945e-05 1222 2 118 1 
348 0.000288221 1506 2 121 1 
377 0.000166291 1174 2 117 1 
380 3.53403e-05 1099 2 124 1 
391 3.25961e-05 985 2 126 0 
374 2.85398e-05 1174 2 118 1 
461 0.000970663 1139 2 114 1 
547 0.00104318 684 2 123 1 
417 0.0010137 882 2 122 0 
206 4.56631e-05 867 2 112 0 
188 0.0022442 1143 2 104 0 
356 2.20055e-05 1030 2 127 0 
370 2.19412e-05 1173 2 125 0 
367 0.000295914 1503 2 120 1 
356 0.000722107 1187 2 122 1 
378 6.62121e-05 946 2 126 0 
371 2.68882e-05 1087 2 125 0 
377 1.24281e-05 999 2 125 0 
374 4.21108e-05 1032 2 125 0 
370 0 981 2 127 0 
365 0.000120028 951 2 128 0 
351 3.526e-05 960 2 123 0 
368 9.80508e-05 1013 2 124 0 
373 6.72026e-06 982 2 125 0 
380 5.55084e-05 1099 2 124 1 
373 4.20715e-05 1175 2 118 1 
447 0.000152211 1189 2 122 1 
442 0.000113261 956 2 123 0 
351 3.52524e-05 1072 2 127 0 
355 6.62008e-05 989 2 119 0 
360 0.000684952 1228 2 119 1 
379 0.000153216 1010 2 117 1 
387 2.85398e-05 1150 2 115 1 
512 3.52596e-05 1137 2 120 1 
371 0.000151995 1105 2 125 0 
174 0.000813473 1048 2 100 0 
342 5.70808e-06 959 2 126 0 
380 6.72395e-06 1039 2 128 0 
395 3.25887e-05 1265 2 128 0 
397 8.90391e-05 1211 2 128 0 
465 0.000732832 1051 2 125 0 
413 0.000107553 1029 2 124 0 
416 6.62007e-05 979 2 128 0 
396 7.33143e-05 948 2 127 0 
393 1.2432e-05 1265 2 128 0 
372 0 986 2 128 0 
366 6.72017e-06 952 2 128 0 
369 0.000168042 1004 2 125 1 
387 2.68867e-05 1304 2 126 0 
381 3.25946e-05 1224 2 128 0 
369 4.81754e-06 1311 2 128 0 
378 4.81754e-06 1041 2 125 0 
398 7.25518e-05 1218 2 128 0 
370 7.57139e-05 1019 2 127 0 
372 2.85398e-05 938 2 128 0 
374 3.52596e-05 953 2 125 0 
392 6.72178e-06 1068 2 128 0 
380 1.24722e-05 973 2 128 0 
350 1.2428e-05 1107 2 127 0 
366 0.00012659 1209 2 125 0 
371 6.62525e-05 1087 2 125 0 
360 4.21093e-05 1031 2 127 0 
381 8.9044e-05 1196 2 128 0 
391 6.04928e-05 1206 2 128 0 
347 5.23837e-05 958 2 128 0 
349 6.04929e-05 1180 2 127 0 
363 0.000107538 1285 2 126 0 
381 3.526e-05 1196 2 128 0 
313 0.000151881 1299 2 126 0 
145 0.00018028 1261 2 96 0 
251 0.000485173 1301 2 117 0 
356 6.04929e-05 1309 2 126 0 
372 2.19415e-05 938 2 128 0 
320 3.52903e-05 1207 2 127 0 
297 2.68505e-05 1079 2 128 0 
267 0.000575231 1300 2 125 0 
357 9.13268e-05 1309 2 124 0 
373 1.24296e-05 995 2 126 0 
388 4.21668e-05 1053 2 128 0 
374 4.21096e-05 1019 2 128 0 
347 2.49856e-05 1291 2 127 0 
362 6.72395e-06 1292 2 126 0 
354 6.72026e-06 1056 2 127 0 
360 4.81753e-06 1307 2 126 0 
369 0.000174133 1286 2 125 0 
370 5.70808e-06 939 2 127 0 
334 2.19339e-05 1627 1 128 1 
334 2.19339e-05 1627 1 128 1 
344 2.69259e-05 1318 1 128 1 
343 2.19942e-05 1402 1 128 1 
335 4.80999e-06 1411 1 128 1 
331 6.05267e-05 1582 1 128 1 
346 2.19339e-05 1404 1 128 0 
356 3.52521e-05 1440 1 128 1 
348 0 1366 1 119 1 
341 6.65926e-05 1483 1 121 1 
340 6.65926e-05 1315 1 126 1 
336 1.5221e-05 1493 1 128 1 
356 1.24208e-05 1451 1 128 1 
348 9.34429e-05 1587 1 121 1 
342 0.000168004 1340 1 120 1 
333 2.85398e-05 1410 1 126 1 
334 1.24584e-05 1448 1 128 1 
346 1.52213e-05 1404 1 128 0 
351 1.24205e-05 1537 1 120 1 
338 4.80999e-06 1322 1 127 1 
341 2.19336e-05 1338 1 124 1 
341 2.85398e-05 1338 1 125 1 
363 4.20718e-05 1385 1 122 1 
353 3.53327e-05 1442 1 120 1 
337 4.80999e-06 1412 1 120 1 
345 6.75045e-06 1371 1 128 1 
345 3.53327e-05 1469 1 125 1 
342 5.55462e-05 1320 1 118 1 
343 7.2514e-05 1391 1 116 1 
333 4.80999e-06 1534 1 125 1 
374 4.84791e-06 1364 1 125 1 
363 0.00033587 1239 2 115 1 
334 0.000113261 1559 3 111 1 
329 6.04338e-05 1474 3 123 1 
330 7.56346e-05 1540 1 125 1 
330 0 1625 1 124 1 
356 1.5221e-05 1359 1 127 1 
353 2.49477e-05 1394 1 121 1 
338 6.71253e-06 1438 1 117 1 
333 5.24766e-05 1572 3 124 1 
330 7.33052e-05 1625 1 124 1 
356 7.33429e-05 1359 1 127 1 
392 0.000105499 1515 1 124 1 
384 0.000173712 1419 1 117 1 
352 2.68505e-05 1365 1 120 1 
333 1.24205e-05 1439 1 128 1 
330 2.68501e-05 1415 1 126 1 
358 3.52902e-05 1452 1 127 1 
362 2.68505e-05 1334 1 122 1 
345 2.19941e-05 1469 1 124 1 
334 1.52213e-05 1416 1 128 1 
346 2.19719e-05 1435 1 127 0 
375 6.71262e-06 1390 1 126 1 
355 3.52524e-05 1437 1 120 1 
350 2.19339e-05 1330 1 119 1 
346 6.71281e-06 1464 1 128 0 
375 6.62346e-05 1460 1 125 1 
373 0.000136093 1548 1 124 1 
376 4.57644e-05 1355 1 118 1 
347 5.2414e-05 1463 1 128 1 
325 4.56636e-05 1427 1 121 1 
346 7.57486e-05 1378 1 124 1 
401 0.000335155 1515 1 124 1 
375 0.000113261 1370 1 118 1 
360 2.69261e-05 1334 1 122 1 
338 2.85394e-05 1363 1 127 1 
351 0.000183286 1423 1 121 1 
407 0.000394092 1429 1 118 0 
375 0.000173712 1370 1 118 1 
341 2.68506e-05 1536 1 119 1 
334 7.25897e-05 1413 1 123 1 
333 4.20718e-05 1626 1 127 1 
370 0 1421 1 126 1 
372 0.000136093 1543 1 121 1 
340 6.71253e-06 1542 1 128 1 
361 5.70789e-06 1462 1 128 1 
345 6.75045e-06 1371 1 128 1 
334 0 1524 1 127 1 
376 0.00012674 1420 1 125 1 
344 6.62349e-05 1409 1 116 1 
344 2.19942e-05 1402 1 126 1 
331 3.26338e-05 1582 1 128 1 
355 4.56636e-05 1481 1 120 1 
366 7.57483e-05 1385 1 127 1 
376 0.000118319 1355 1 117 1 
351 4.80999e-06 1480 1 119 1 
340 4.84782e-06 1326 1 120 1 
337 6.71262e-06 1637 1 112 1 
333 1.24206e-05 1443 1 114 1 
334 1.52213e-05 1477 1 116 1 
346 3.25584e-05 1371 1 126 1 
345 2.69261e-05 1371 1 128 1 
353 3.52524e-05 1319 1 128 0 
369 2.85398e-05 1342 1 128 1 
357 3.25582e-05 1376 1 121 1 
352 3.25584e-05 1324 1 128 1 
371 3.52903e-05 1380 1 118 1 
345 0.000173712 1335 1 115 1 
334 5.23762e-05 1439 1 128 1 
336 2.69261e-05 1331 1 128 1 
338 4.20715e-05 1398 1 120 1 
336 9.35187e-05 1636 1 125 1 
329 1.5221e-05 1346 1 127 1 
331 5.54661e-05 1561 1 127 1 
340 2.49479e-05 1454 1 128 1 
345 1.24205e-05 1469 1 126 1 
363 0.000118177 1441 1 121 1 
389 0.000727055 513 1 117 1 
395 2.69259e-05 1468 1 125 1 
373 3.26342e-05 1467 1 124 1 
355 6.71262e-06 1523 1 126 1 
365 1.24582e-05 1369 1 121 1 
456 0.000248889 1500 1 123 1 
374 6.71262e-06 1370 1 118 1 
341 2.19336e-05 1338 1 124 1 
331 0.00012658 1527 1 122 1 
354 0.000582422 1429 1 119 1 
422 0.00096545 1499 1 112 1 
487 0.001089 433 1 121 1 
371 0.000946272 1501 1 113 1 
353 3.53327e-05 1442 1 120 1 
341 1.24207e-05 1340 1 118 1 
338 4.80999e-06 1322 1 127 1 
351 3.52524e-05 1458 1 127 0 
364 1.24988e-05 1384 1 127 1 
361 5.86243e-05 1418 1 120 1 
339 6.71262e-06 1592 1 116 1 
335 2.85398e-05 1411 1 128 1 
358 7.25898e-05 1405 1 128 1 
374 0.000113261 1396 1 118 1 
357 0.000866709 1491 1 120 1 
335 8.90664e-05 1637 1 110 1 
334 1.52213e-05 1518 1 112 1 
335 6.71262e-06 1580 1 111 1 
333 1.52213e-05 1534 1 125 1 
333 6.71262e-06 1439 1 128 1 
336 5.53901e-05 1557 1 128 1 
339 2.85398e-05 1392 1 126 1 
359 2.85394e-05 1360 1 123 1 
359 2.69261e-05 1387 1 128 1 
365 7.25895e-05 1460 1 128 1 
356 3.52898e-05 1359 1 127 1 
341 2.86201e-05 1318 1 128 1 
330 0 1625 1 124 1 
335 4.56636e-05 1529 1 125 1 
344 4.21469e-05 1521 1 126 1 
353 6.71262e-06 1520 1 126 0 
361 4.56636e-05 1436 1 127 1 
376 0.000146878 1420 1 125 1 
376 0.00012674 1420 1 125 1 
362 3.25582e-05 1395 1 128 1 
358 2.69262e-05 1450 1 128 1 
351 6.71253e-06 1407 1 128 0 
349 1.24205e-05 1556 1 127 0 
360 4.20715e-05 1555 1 126 1 
387 3.52524e-05 1548 1 124 1 
396 1.24206e-05 1374 1 125 1 
347 6.71263e-06 1325 1 123 1 
333 0 1478 1 124 1 
334 3.53327e-05 1584 1 114 1 
333 3.25582e-05 1558 3 111 1 
335 9.34431e-05 1590 3 121 1 
330 0.000153317 1570 3 124 1 
330 0.000152211 1540 1 124 1 
335 2.85398e-05 1412 1 117 1 
335 5.70789e-06 1535 1 118 1 
334 6.71262e-06 1413 1 124 1 
350 1.24205e-05 1330 1 119 1 
352 5.23762e-05 1394 1 119 1 
360 2.49477e-05 1418 1 120 1 
366 6.62346e-05 1408 1 119 1 
345 5.55466e-05 1325 1 122 1 
335 5.23762e-05 1580 1 115 1 
332 7.26144e-05 1444 1 110 1 
332 3.52523e-05 1473 3 127 1 
334 5.70808e-06 1627 1 128 1 
354 0.000122774 1556 1 126 0 
365 7.25895e-05 1460 1 128 1 
374 4.80999e-06 1396 1 118 1 
368 0.000122774 1431 1 119 1 
338 1.24207e-05 1438 1 117 1 
338 4.21472e-05 1416 1 128 1 
328 1.24205e-05 1456 1 121 1 
324 4.80999e-06 1372 1 122 1 
331 0.000677724 1373 1 119 1 
298 0.000792888 1496 1 120 1 
270 0.000180393 1514 1 116 1 
511 0.000487649 514 1 118 1 
511 0.000783111 514 1 122 1 
394 0.000168194 513 1 117 1 
349 0.000555017 1343 2 114 1 
372 0.00142986 1504 2 123 1 
374 0.000772941 1187 2 120 1 
370 0.000152211 1504 2 119 1 
360 0.000158962 1505 2 119 1 
343 7.57482e-05 1227 2 118 1 
295 0.000458752 1638 3 107 1 
333 0.000288032 1640 3 114 1 
339 0.000430443 1622 3 102 1 
307 0.000880066 1601 1 112 1 
316 0.000270648 1516 1 118 1 
310 0.00192055 1512 1 124 1 
278 0.000430213 1497 1 121 1 
403 0.000215287 1424 1 125 1 
322 0.00118157 1588 1 115 1 
330 5.2414e-05 1472 3 117 1 
336 5.24135e-05 1399 1 112 1 
359 3.25584e-05 1452 1 127 1 
354 7.2514e-05 1466 1 126 0 
351 6.71272e-06 1458 1 126 0 
354 0.000136093 1519 1 126 1 
356 6.75036e-06 1359 1 127 1 
335 1.24207e-05 1626 1 127 1 
331 4.21476e-05 1561 1 127 1 
322 3.53707e-05 1372 1 119 1 
333 0.000158924 1373 1 123 1 
342 5.8511e-05 1457 1 120 1 
341 1.52213e-05 1457 1 126 1 
346 6.71262e-06 1371 1 127 1 
336 2.68505e-05 1493 1 127 1 
346 6.71281e-06 1464 1 128 0 
336 6.05271e-05 1336 1 122 1 
334 6.0527e-05 1439 1 126 1 
336 6.71272e-06 1336 1 120 1 
342 7.34256e-05 1320 1 120 1 
352 1.52213e-05 1365 1 119 1 
348 5.70808e-06 1407 1 128 0 
334 4.84791e-06 1448 1 127 1 
331 0.000146718 1561 1 128 1 
334 4.84791e-06 1448 1 127 1 
342 2.19942e-05 1403 1 128 1 
376 0.000259946 1468 1 123 1 
376 0.000126618 400 1 114 1 
354 0.000179062 575 1 110 1 
414 3.25584e-05 342 1 114 1 
323 0.00229747 475 1 112 1 
399 7.25898e-05 1379 1 124 1 
269 0.000548305 1498 1 113 1 
336 0.000649089 515 1 107 1 
346 0.000215213 1335 1 114 1 
331 1.24607e-05 1486 3 128 1 
331 6.75054e-06 1383 1 127 1 
342 0.000136093 1457 1 121 1 
361 2.19719e-05 1436 1 126 0 
355 2.49479e-05 1353 1 126 0 
339 2.19336e-05 1542 1 128 1 
334 0.000136093 1559 3 111 1 
335 0.000113261 1571 3 108 1 
329 4.56636e-05 1346 1 125 1 
333 3.25584e-05 1389 1 127 1 
333 6.71262e-06 1559 3 109 1 
335 8.89529e-05 1510 3 103 1 
328 7.33429e-05 1607 3 111 1 
328 0.000213958 1589 1 113 1 
334 2.50235e-05 1572 3 120 1 
337 1.24586e-05 1510 3 104 1 
299 6.65926e-05 1569 1 110 1 
302 0.000183225 1511 1 112 1 
331 5.54661e-05 1486 3 123 1 
337 0.000158924 1642 3 112 1 
335 9.80401e-05 1571 3 117 1 
335 0.000166102 1642 3 109 1 
334 3.2634e-05 1613 3 109 1 
333 2.19336e-05 1567 3 109 1 
329 6.75054e-06 1346 1 125 1 
330 0.000113261 1558 3 111 1 
332 4.8099e-06 1327 1 127 1 
336 1.5221e-05 1493 1 128 1 
336 0.000248889 1350 1 111 1 
330 4.80981e-06 1552 3 128 1 
332 5.23763e-05 1585 1 128 1 
337 2.68506e-05 1412 1 118 1 
336 0.000397943 1336 1 112 1 
333 6.05267e-05 1410 1 128 1 
332 2.85398e-05 1585 1 128 1 
359 2.19336e-05 1376 1 122 1 
326 2.68505e-05 1427 1 122 1 
329 0.000174145 1346 1 124 1 
336 6.0527e-05 1571 3 115 1 
330 4.20718e-05 1485 1 111 1 
340 0.000118253 1340 1 115 1 
332 6.75054e-06 1629 1 126 1 
327 0.00010565 1455 1 119 1 
326 2.69263e-05 1589 1 123 1 
347 0.000449475 1622 3 104 1 
345 0.000255167 1611 3 115 1 
315 3.52903e-05 1639 3 110 1 
318 0.00032728 1509 3 108 1 
335 9.80401e-05 1571 3 117 1 
325 6.61215e-05 1565 1 114 1 
331 5.5471e-05 1620 3 106 1 
403 9.80395e-05 1617 3 117 1 
393 0.00151831 1617 3 116 1 
383 7.33052e-05 1604 3 113 1 
344 3.25582e-05 1596 3 104 1 
333 0.000122774 1567 3 111 1 
323 4.21473e-05 1619 3 107 1 
376 0.0003087 1610 3 110 1 
397 0.000496804 1603 3 115 1 
352 0.00101319 1604 3 114 1 
295 0.000174145 1598 3 110 1 
335 0.000241881 1642 3 109 1 
339 4.8099e-06 1642 3 110 1 
343 0.000146878 1622 3 104 1 
383 0.00048166 1617 3 113 1 
406 0.0261378 1379 3 114 1 
343 0.000247589 1609 3 112 1 
338 0.000119867 1618 3 108 1 
334 0.000299171 1619 3 108 1 
333 1.24205e-05 1567 3 108 1 
363 0.000592728 1617 3 109 1 
327 1.52213e-05 1565 1 118 1 
329 4.56636e-05 1352 1 124 1 
331 0.000118177 1629 1 124 1 
339 5.54706e-05 1314 1 127 1 
337 5.70789e-06 1454 1 128 1 
331 2.69259e-05 1383 1 126 1 
333 7.34641e-05 1377 1 125 1 
372 2.68505e-05 1368 1 125 1 
354 0 1422 1 126 1 
354 6.71262e-06 1353 1 126 0 
331 3.52524e-05 1561 1 127 1 
329 1.5221e-05 1346 1 127 1 
340 4.80999e-06 1454 1 128 1 
339 2.68505e-05 1322 1 126 1 
338 0.000174145 1551 1 112 1 
306 0.000327544 1599 3 109 1 
317 9.1468e-05 1599 3 112 1 
345 0.000380171 1605 3 113 1 
346 0.000168004 1596 3 107 1 
340 2.85398e-05 1641 3 109 1 
329 8.89529e-05 1590 3 118 1 
335 3.2634e-05 1895 5 126 1 
335 3.2634e-05 1895 5 126 1 
356 2.6926e-05 1674 5 125 1 
357 0.000136093 1704 5 128 1 
337 6.71244e-06 1716 5 127 1 
335 6.7128e-06 1696 6 115 1 
333 9.59566e-11 1782 6 125 1 
336 4.20722e-05 1876 5 125 1 
339 1.24609e-05 1695 5 128 1 
335 2.49479e-05 1690 6 122 1 
341 2.86201e-05 1816 6 107 1 
335 1.24203e-05 1696 6 118 1 
334 6.61222e-05 1782 6 125 1 
336 1.5221e-05 1958 6 112 1 
332 5.70789e-06 1861 5 127 1 
335 2.68505e-05 1660 6 121 1 
336 5.24139e-05 1958 6 116 1 
333 4.80981e-06 1869 6 125 1 
333 6.71244e-06 1732 6 125 1 
335 5.53903e-05 1690 6 124 1 
334 5.70789e-06 1782 6 125 1 
337 5.86246e-05 1760 6 115 1 
337 6.71262e-06 1760 6 113 1 
341 0.000120028 1884 6 106 1 
335 5.8511e-05 1690 6 123 1 
340 5.53907e-05 1654 6 109 1 
338 5.86241e-05 1669 6 107 1 
332 0 1969 5 126 1 
334 6.75036e-06 1895 5 126 1 
360 1.5221e-05 1757 5 127 1 
357 3.52521e-05 1866 5 124 1 
347 3.26342e-05 1919 5 106 1 
337 9.35194e-05 1856 5 121 1 
349 6.05273e-05 1816 6 104 1 
335 9.13268e-05 1707 6 105 1 
334 7.5748e-05 1694 5 125 1 
345 2.69256e-05 1742 5 125 1 
342 2.85398e-05 1758 5 128 1 
334 0 1802 5 128 1 
335 0 1774 5 118 1 
348 6.05267e-05 1830 5 120 1 
354 2.68501e-05 1853 5 107 1 
337 6.6713e-05 1823 5 127 1 
335 6.71244e-06 1908 6 115 1 
333 6.7128e-06 1805 6 124 1 
336 0.000228539 1752 5 128 1 
337 6.65926e-05 1815 6 122 1 
347 0.000241881 1677 6 109 1 
340 0 1667 6 108 1 
334 2.19338e-05 1717 6 116 1 
336 0.000195276 1878 5 125 1 
340 5.2477e-05 1681 5 128 1 
338 3.25587e-05 1669 6 115 1 
329 7.3305e-05 1709 5 112 1 
335 0 1774 5 118 1 
332 4.81017e-06 1737 5 114 1 
336 9.34431e-05 1870 5 124 1 
344 6.65926e-05 1684 5 121 1 
381 4.81017e-06 1831 5 120 1 
403 2.69259e-05 1962 5 121 1 
361 9.13268e-05 1828 5 128 1 
336 1.24584e-05 1666 6 118 1 
344 1.24203e-05 1921 6 114 1 
339 0.000335155 1667 6 103 1 
333 9.1468e-05 1836 5 118 1 
331 5.70789e-06 1798 5 113 1 
333 5.74826e-06 1718 5 115 1 
335 5.70808e-06 1700 5 124 1 
336 0.000235252 1764 5 128 1 
333 3.52521e-05 1939 6 128 1 
333 6.71244e-06 1732 6 125 1 
339 5.70789e-06 1744 5 128 1 
338 2.85394e-05 1728 5 127 1 
335 0 1767 6 110 1 
334 6.75036e-06 1683 5 117 1 
336 0.000196733 1748 5 113 1 
341 2.68506e-05 1825 5 123 1 
334 8.90661e-05 1819 5 120 1 
334 2.68505e-05 1888 5 114 1 
323 0.000113261 1819 5 112 1 
333 7.34264e-05 1836 5 118 1 
334 0.000113262 1782 6 124 1 
334 3.25584e-05 1934 5 125 1 
335 3.25582e-05 1856 5 114 1 
340 5.24769e-05 1681 5 127 1 
336 0.000255465 1764 5 128 1 
334 6.7128e-06 1644 5 125 1 
323 2.68505e-05 1955 5 110 1 
334 3.25586e-05 1782 6 125 1 
322 6.71244e-06 1923 5 110 1 
342 6.65926e-05 1756 5 120 1 
335 1.24205e-05 1712 5 128 1 
334 9.81808e-05 1700 5 125 1 
334 5.5471e-05 1751 5 114 1 
344 1.24582e-05 1965 5 126 1 
326 8.91468e-05 1755 5 110 1 
341 8.89539e-05 1784 5 117 1 
346 2.69256e-05 1769 5 122 1 
350 2.19338e-05 1859 5 125 1 
344 5.70789e-06 1965 5 126 1 
342 3.25586e-05 1738 5 128 1 
345 4.20718e-05 1800 5 128 1 
333 1.24203e-05 1719 5 112 1 
345 5.70789e-06 1741 5 124 1 
340 7.2514e-05 1701 5 121 1 
335 6.7128e-06 1694 5 125 1 
326 2.19338e-05 1885 5 111 1 
336 9.80772e-05 1748 5 119 1 
338 6.71262e-06 1715 5 128 1 
333 3.52521e-05 1939 6 128 1 
333 2.68505e-05 1805 6 124 1 
331 1.24209e-05 1746 5 112 1 
348 0.000118319 1778 5 120 1 
366 0 1770 5 127 1 
350 5.70789e-06 1917 5 128 1 
336 0.000120028 1752 5 128 1 
338 6.71262e-06 1929 6 111 1 
323 4.20715e-05 1806 5 110 1 
334 6.62346e-05 1819 5 119 1 
346 2.69256e-05 1769 5 122 1 
340 1.24205e-05 1771 5 128 1 
335 8.89529e-05 1705 6 124 1 
338 6.75036e-06 1873 6 108 1 
336 1.24207e-05 1875 6 110 1 
329 5.2376e-05 1709 5 112 1 
347 1.52213e-05 1937 5 121 1 
371 7.5748e-05 1913 5 127 1 
342 3.25584e-05 1745 5 128 1 
335 4.56636e-05 1705 6 124 1 
333 0 1679 5 125 1 
336 0.000106077 1941 5 118 1 
344 1.24209e-05 1747 5 125 1 
336 2.19336e-05 1695 5 128 1 
336 5.2376e-05 1870 5 125 1 
357 7.2514e-05 1702 5 121 1 
445 0.000641768 1839 5 119 1 
398 7.56349e-05 1962 5 124 1 
342 2.85398e-05 1758 5 128 1 
335 9.80397e-05 1908 6 125 1 
341 1.24205e-05 1701 5 122 1 
348 3.53329e-05 1837 5 119 1 
371 7.33429e-05 1925 5 116 1 
324 0.000428308 1787 5 119 1 
345 0.000228539 216 5 119 1 
501 0.0544285 1499 4 124 1 
437 0.000635728 1926 5 121 1 
315 0.00176651 213 4 118 1 
363 9.13268e-05 1851 5 107 1 
319 0.000702531 1882 5 111 1 
276 0.00130356 1792 5 114 1 
328 5.2376e-05 2224 6 111 1 
423 0.000287872 1804 6 115 1 
385 0.000420774 1795 6 110 1 
327 0.000248889 1697 5 108 1 
333 4.80981e-06 1737 5 114 1 
341 6.65926e-05 1825 5 125 1 
349 4.21473e-05 1842 5 128 1 
335 0 1729 5 128 1 
335 4.20715e-05 1712 5 128 1 
359 0.000716308 2223 6 116 1 
449 0.00195319 2222 6 119 1 
334 0.000152212 1717 6 124 1 
326 1.52213e-05 1885 5 110 1 
330 0 1699 5 113 1 
335 2.49479e-05 1719 5 112 1 
332 1.24582e-05 1819 5 113 1 
348 0.000107553 1830 5 120 1 
396 5.86241e-05 1780 5 121 1 
365 0.000153217 1834 5 122 1 
345 7.25895e-05 1867 5 127 1 
337 7.33052e-05 1934 5 124 1 
340 2.85394e-05 1920 6 122 1 
351 0.000173712 1884 6 104 1 
329 5.2376e-05 1709 5 112 1 
324 1.24607e-05 1739 5 110 1 
335 3.52902e-05 1740 5 111 1 
391 0.000107553 1826 5 121 1 
423 4.20715e-05 1832 5 125 1 
372 0.000122835 1933 5 123 1 
340 3.52524e-05 1872 5 127 1 
336 7.33429e-05 1878 5 125 1 
345 1.5221e-05 1769 5 124 1 
393 0.000247815 1932 5 117 1 
426 2.19336e-05 1789 5 121 1 
377 1.24207e-05 1913 5 125 1 
353 6.71262e-06 1964 5 128 1 
350 4.81017e-06 1937 5 121 1 
384 1.24207e-05 1820 5 120 1 
437 0.000127119 1926 5 126 1 
434 2.49479e-05 1847 5 122 1 
370 1.24205e-05 1914 5 114 1 
345 5.23762e-05 1867 5 128 1 
335 3.25584e-05 1774 5 121 1 
357 0.000196544 1702 5 120 1 
424 0.000240204 1779 5 119 1 
485 0.00271736 1901 5 125 1 
501 0.0449112 2222 5 124 1 
409 0.000213668 1847 5 118 1 
353 2.68506e-05 1647 5 128 1 
343 0.000127126 1675 5 119 1 
338 7.26899e-05 1854 5 103 1 
365 6.75036e-06 1899 5 107 1 
445 0.0015458 1840 5 115 1 
435 0.000239979 1789 5 123 1 
390 5.70789e-06 1916 5 122 1 
357 0.000196543 1704 5 128 1 
363 5.70789e-06 1927 5 108 1 
368 5.25148e-05 1899 5 107 1 
379 0.000107553 1933 5 113 1 
357 3.26344e-05 1850 5 105 1 
346 2.49479e-05 1919 5 106 1 
334 1.24584e-05 1727 5 115 1 
338 9.80395e-05 1843 5 118 1 
340 0.000188563 1919 5 111 1 
345 7.25895e-05 1867 5 127 1 
354 6.71262e-06 1961 5 124 1 
347 4.56631e-05 1853 5 106 1 
334 2.85398e-05 1776 5 127 1 
334 0 1644 5 126 1 
335 1.24207e-05 1694 5 125 1 
336 2.19714e-05 1870 5 125 1 
333 5.74826e-06 1718 5 115 1 
368 6.67136e-05 1848 5 125 1 
355 7.57486e-05 1849 5 128 1 
334 1.24207e-05 1648 5 127 1 
334 3.26334e-05 1782 6 126 1 
339 6.71254e-06 1799 5 125 1 
367 2.68505e-05 1770 5 125 1 
343 6.71262e-06 1835 5 128 1 
340 7.34256e-05 1691 6 108 1 
338 5.86241e-05 1669 6 107 1 
337 6.62348e-05 1692 6 107 1 
339 1.52213e-05 1743 5 126 1 
334 1.52213e-05 1836 5 121 1 
343 5.54654e-05 1966 5 125 1 
347 1.52213e-05 1911 5 128 1 
333 0 1656 6 125 1 
333 4.84773e-06 1931 5 113 1 
331 6.71262e-06 1855 5 110 1 
357 0.00118449 1803 6 115 1 
352 0.00022742 1953 6 103 1 
327 6.05267e-05 1697 5 113 1 
321 0.00012712 1818 5 114 1 
317 9.34431e-05 1723 5 113 1 
339 1.24582e-05 1740 5 116 1 
364 0 1943 5 123 1 
355 5.70808e-06 1849 5 128 1 
337 1.52213e-05 1692 6 111 1 
333 0 1732 6 125 1 
333 5.70789e-06 1712 5 128 1 
336 1.5221e-05 1958 6 112 1 
336 0.00012674 1752 5 126 1 
333 9.59566e-11 1935 6 127 1 
334 1.52213e-05 1776 5 127 1 
421 3.52524e-05 1833 5 123 1 
371 0.000428007 1852 5 108 1 
407 0.000119867 1915 5 115 1 
498 6.05273e-05 1840 5 124 1 
425 0.0012678 1839 5 121 1 
249 0.000445432 196 5 110 1 
296 2.19339e-05 41 4 117 1 
315 0.00136292 213 4 118 1 
333 0.000582605 1844 5 111 1 
338 0.000420914 1920 6 113 1 
337 5.53903e-05 1692 6 115 1 
340 2.50229e-05 1799 5 125 1 
342 2.69259e-05 1745 5 128 1 
349 1.5221e-05 1842 5 128 1 
350 1.52213e-05 1829 5 128 1 
384 3.53327e-05 1811 5 123 1 
371 3.53331e-05 1852 5 112 1 
433 9.34427e-05 1846 5 117 1 
400 9.59566e-11 1703 5 121 1 
353 1.24203e-05 1890 5 128 1 
335 2.85398e-05 1844 5 102 1 
349 0.00034657 1853 5 107 1 
343 0.000107574 1706 6 121 1 
347 7.33056e-05 1883 6 113 1 
333 5.70808e-06 1725 6 122 1 
325 0 1739 5 110 1 
314 2.68505e-05 1723 5 114 1 
401 7.56352e-05 1838 5 115 1 
457 0.000991922 1901 5 126 1 
364 0.00019888 1851 5 109 1 
335 5.86241e-05 1676 5 117 1 
340 0.000120028 1691 6 109 1 
333 6.7128e-06 1805 6 123 1 
334 3.52902e-05 1719 5 114 1 
396 0.000151741 1821 5 122 1 
382 0.000158962 1841 5 117 1 
338 7.25898e-05 1843 5 125 1 
334 1.24203e-05 1765 6 124 1 
334 2.19717e-05 1749 5 125 1 
351 0.000136091 1889 5 122 1 
349 1.5221e-05 1842 5 128 1 
335 4.84773e-06 1660 6 114 1 
334 1.24205e-05 1717 6 115 1 
337 6.05279e-05 1799 5 122 1 
351 7.57477e-05 1889 5 123 1 
368 0.000146879 1932 5 124 1 
335 6.04137e-05 1690 6 123 1 
346 0 1677 6 103 1 
334 6.71244e-06 1655 6 118 1 
336 1.24205e-05 1876 5 126 1 
338 6.75036e-06 1669 6 107 1 
330 2.85398e-05 1678 6 110 1 
316 3.52523e-05 1886 5 113 1 
331 0 1809 5 113 1 
334 1.24203e-05 1870 5 125 1 
378 0.00034657 1795 6 111 1 
358 0.000544399 1796 6 105 1 
326 1.24207e-05 1885 5 113 1 
336 0.000183415 1748 5 115 1 
335 5.53903e-05 1690 6 124 1 
338 2.19717e-05 1873 6 109 1 
333 5.70789e-06 1805 6 122 1 
345 0 1741 5 124 1 
356 1.24207e-05 1674 5 125 1 
406 0.000113261 1963 5 123 1 
414 5.54654e-05 1821 5 122 1 
354 4.56636e-05 1673 5 128 1 
346 5.53907e-05 1742 5 126 1 
345 1.52213e-05 1742 5 125 1 
338 2.19717e-05 1873 6 109 1 
338 5.86241e-05 1669 6 107 1 
333 6.71262e-06 1862 5 126 1 
336 0.000255465 1764 5 128 1 
334 4.80981e-06 1655 6 115 1 
362 2.68508e-05 2120 6 128 0 
365 0 2023 6 128 0 
366 5.54657e-05 2268 6 128 0 
366 0.000118178 2268 6 128 0 
362 3.52522e-05 2120 6 128 0 
365 5.24139e-05 1974 6 128 0 
368 5.24141e-05 2110 6 116 0 
366 5.70789e-06 2290 6 128 0 
363 9.34431e-05 2040 6 128 0 
363 2.85396e-05 2335 6 125 0 
362 0.000107552 1981 6 123 0 
358 2.50236e-05 2074 6 127 0 
359 0.000259662 2328 6 124 0 
329 7.57479e-05 2195 6 118 0 
344 0.000420774 1987 6 117 0 
359 7.57479e-05 2001 6 118 0 
377 9.34431e-05 2007 6 125 0 
365 4.81017e-06 2221 6 126 0 
357 0.000151854 2021 6 122 0 
359 0.000152212 2021 6 118 0 
368 2.49479e-05 2209 6 121 0 
367 5.85104e-05 1978 6 128 0 
362 2.85398e-05 2237 6 128 0 
364 6.65926e-05 2221 6 128 0 
364 0.000183225 2311 6 118 0 
341 0.000394092 1987 6 114 1 
411 0.000967977 1999 6 115 1 
468 0.00129531 2222 6 120 1 
433 0.00103457 1999 6 124 0 
363 0.000173712 2319 6 118 0 
338 6.75072e-06 1997 6 114 1 
171 0.00240614 2005 6 106 1 
168 0.000235252 2003 6 105 1 
374 0.000692086 2006 6 115 1 
399 0.00108874 1998 6 124 1 
384 2.1934e-05 2317 6 124 0 
370 2.68505e-05 2215 6 128 0 
365 2.50229e-05 2221 6 128 0 
367 1.24204e-05 2303 6 127 0 
368 4.80981e-06 2063 6 122 0 
359 0.000153216 2128 6 128 0 
358 5.70793e-06 2247 6 128 0 
358 6.75072e-06 2074 6 126 0 
359 0.000118394 2328 6 125 0 
359 0.000296117 2328 6 124 0 
358 1.52212e-05 2015 6 125 0 
355 3.26335e-05 2135 6 123 0 
357 6.71282e-06 2039 6 124 0 
344 0.00024759 1990 6 122 0 
360 0.000196544 2022 6 120 0 
364 0.000166101 2230 6 120 0 
366 7.33057e-05 2305 6 128 0 
366 2.69263e-05 2205 6 114 0 
368 6.65926e-05 2161 6 117 0 
365 6.75057e-06 2244 6 121 0 
363 8.90664e-05 2175 6 127 0 
356 4.56636e-05 2180 6 128 0 
356 1.24204e-05 2172 6 128 0 
357 0.000380171 2151 6 124 0 
346 0.000153316 2125 6 124 0 
323 0.000356366 2038 6 123 0 
315 5.53902e-05 2032 6 124 0 
351 0.000308474 2091 6 124 0 
344 0.000122775 2095 6 124 0 
322 0.000533746 2031 6 123 0 
319 6.67135e-05 2032 6 123 0 
350 6.05278e-05 2199 6 124 0 
358 0.000329182 2152 6 123 0 
364 0 2009 6 128 0 
364 6.71244e-06 2221 6 128 0 
361 3.52521e-05 1995 6 128 0 
358 1.24583e-05 2247 6 128 0 
358 3.52903e-05 2074 6 126 0 
358 2.85396e-05 2074 6 125 0 
359 2.19336e-05 2328 6 128 0 
360 2.1934e-05 1995 6 128 0 
362 7.25144e-05 2120 6 128 0 
364 5.70789e-06 1977 6 128 0 
365 3.52524e-05 2273 6 128 0 
367 3.26343e-05 2303 6 128 0 
359 5.24139e-05 2329 6 123 0 
359 0.000235252 1982 6 124 0 
356 3.53331e-05 2172 6 128 0 
356 7.25895e-05 2180 6 128 0 
356 2.19716e-05 2180 6 128 0 
360 3.25584e-05 2087 6 128 0 
364 2.19338e-05 2274 6 128 0 
366 4.84791e-06 2110 6 120 0 
368 2.85396e-05 2231 6 128 0 
370 5.54708e-05 2309 6 128 0 
374 6.7128e-06 1988 6 126 0 
369 5.70798e-06 2209 6 125 0 
366 0.00010619 2051 6 128 0 
365 3.529e-05 1974 6 128 0 
366 6.71267e-06 2268 6 128 0 
370 5.54657e-05 2111 6 114 0 
369 1.52212e-05 2067 6 117 0 
358 0 2276 6 109 0 
356 7.25136e-05 2075 6 114 0 
361 6.71264e-06 2087 6 127 0 
358 4.56634e-05 2012 6 128 0 
358 4.20717e-05 2190 6 128 0 
359 9.82187e-05 2328 6 125 0 
362 2.85397e-05 2026 6 120 0 
353 1.24585e-05 2192 6 115 0 
360 4.21471e-05 2071 6 124 0 
355 2.49479e-05 2028 6 128 0 
357 2.69256e-05 2181 6 128 0 
357 7.33052e-05 2043 6 128 0 
361 2.50236e-05 2162 6 128 0 
358 2.40279e-11 2257 6 119 0 
355 0.000179062 2105 6 128 0 
355 0.000126617 2054 6 125 0 
357 0.00048672 2151 6 124 0 
357 7.2514e-05 2212 6 128 0 
362 7.33052e-05 2175 6 127 0 
355 7.3464e-05 2082 6 120 0 
350 0.000195075 2097 6 128 0 
353 5.54653e-05 2094 6 128 0 
354 3.52522e-05 2084 6 125 0 
357 0.000496924 2181 6 125 0 
357 0.000668072 2151 6 124 0 
354 0.000287872 2083 6 128 0 
350 3.52901e-05 2034 6 124 0 
355 7.26905e-05 2085 6 124 0 
354 0.00010565 2083 6 128 0 
336 0.000453043 2202 6 123 0 
295 0.0014315 2100 6 116 0 
336 0.000557743 2101 6 121 0 
344 7.34263e-05 2095 6 123 0 
354 0.000195112 2084 6 125 0 
344 0.000287872 2089 6 126 0 
355 2.19338e-05 2105 6 128 0 
356 0.000106291 2181 6 128 0 
358 2.85396e-05 2012 6 128 0 
359 0 2246 6 128 0 
358 6.71264e-06 2160 6 128 0 
363 5.24768e-05 2217 6 128 0 
370 4.20717e-05 2333 6 114 0 
371 0.00108761 2207 6 113 0 
361 2.19338e-05 2204 6 110 0 
360 4.80999e-06 2112 6 110 0 
360 4.56636e-05 2265 6 113 1 
353 1.24585e-05 2192 6 115 0 
357 0.000195276 2129 6 128 0 
355 2.19944e-05 2029 6 128 0 
357 0.000428308 2181 6 126 0 
359 5.70798e-06 2153 6 128 0 
365 6.65926e-05 1974 6 128 0 
368 6.65926e-05 2161 6 117 0 
357 6.04131e-05 2075 6 114 0 
356 9.36394e-05 2240 6 127 0 
355 7.33429e-05 2054 6 126 0 
353 1.52212e-05 2126 6 124 0 
355 0.000122775 2132 6 124 0 
362 3.26343e-05 1980 6 128 0 
360 1.24206e-05 2218 6 128 0 
358 2.68501e-05 2264 6 128 0 
357 0.000119867 2129 6 128 0 
356 1.24583e-05 2030 6 124 0 
356 0.00010619 2030 6 124 0 
357 4.20717e-05 2212 6 128 0 
357 2.19337e-05 2044 6 127 0 
357 2.85397e-05 2039 6 124 0 
363 2.85396e-05 2335 6 125 0 
364 1.24205e-05 2050 6 128 0 
359 4.84791e-06 2283 6 128 0 
358 6.62346e-05 2012 6 128 0 
358 6.65926e-05 2012 6 128 0 
358 3.52901e-05 2183 6 128 0 
358 2.50229e-05 2247 6 128 0 
359 4.80558e-11 2153 6 128 0 
364 1.24206e-05 2274 6 128 0 
356 3.26338e-05 2249 6 128 0 
357 0.000195074 2043 6 128 0 
358 5.70793e-06 2074 6 125 0 
360 3.26742e-05 2164 6 128 0 
360 1.24206e-05 2218 6 128 0 
358 6.04136e-05 2245 6 128 0 
358 0.00010619 2016 6 124 0 
359 0.000279033 1982 6 124 0 
361 5.23758e-05 1995 6 128 0 
366 2.19715e-05 2238 6 125 0 
357 0.000247815 2181 6 128 0 
356 2.19336e-05 2151 6 124 0 
361 5.53901e-05 1980 6 128 0 
359 4.84791e-06 2283 6 128 0 
358 6.71264e-06 2245 6 128 0 
359 2.69259e-05 2128 6 128 0 
369 0.000539302 2067 6 121 0 
363 3.25584e-05 2175 6 128 0 
359 0.000127006 2246 6 128 0 
361 0 2250 6 128 0 
358 1.52212e-05 2278 6 128 0 
357 0.000188362 2045 6 125 0 
336 0.000146792 2194 6 122 0 
362 5.85104e-05 1981 6 123 0 
366 5.53903e-05 2268 6 128 0 
363 1.24585e-05 2144 6 128 0 
361 4.80999e-06 2270 6 128 0 
357 0.00011326 2181 6 128 0 
356 2.85397e-05 2151 6 124 0 
358 3.52903e-05 2074 6 126 0 
364 2.19715e-05 2289 6 127 0 
360 2.40279e-11 2087 6 127 0 
357 6.62347e-05 2181 6 128 0 
357 7.56353e-05 2212 6 128 0 
357 2.19338e-05 2288 6 128 0 
357 7.25894e-05 2288 6 128 0 
358 0.000215213 2245 6 128 0 
359 9.1327e-05 2148 6 128 0 
359 5.70793e-06 2246 6 128 0 
357 2.1934e-05 2013 6 128 0 
357 9.80396e-05 2129 6 128 0 
354 2.19943e-05 2028 6 128 0 
355 0.000168004 2132 6 124 0 
357 7.57479e-05 2151 6 124 0 
360 4.20713e-05 2081 6 128 0 
359 5.53901e-05 2246 6 128 0 
363 6.75057e-06 2144 6 128 0 
354 0.000106177 2088 6 119 0 
357 0.000496924 2181 6 125 0 
344 0.000234598 2018 6 122 0 
343 0.000179243 1986 6 121 0 
267 0.000732764 1985 6 114 0 
197 0.000991661 2196 6 120 0 
323 6.61221e-05 2167 6 123 0 
353 6.05267e-05 2187 6 124 0 
355 3.26745e-05 2085 6 124 0 
353 0.000158924 2116 6 128 0 
347 0.000127006 2088 6 119 0 
358 1.24206e-05 2114 6 113 1 
362 7.33052e-05 2324 6 110 0 
367 0.000166102 2111 6 114 0 
365 0.000151854 2232 6 115 1 
376 1.24203e-05 2308 6 119 0 
366 9.80396e-05 1978 6 118 0 
370 6.62347e-05 2310 6 123 0 
371 3.529e-05 2312 6 127 0 
359 0 2246 6 128 0 
358 7.33429e-05 2183 6 128 0 
362 4.80981e-06 1981 6 124 0 
364 0.000168004 2230 6 120 0 
371 0 2312 6 127 0 
368 2.19338e-05 2334 6 128 0 
366 6.71244e-06 2290 6 128 0 
362 6.62352e-05 2109 6 128 0 
378 9.35189e-05 2306 6 121 0 
368 4.56636e-05 2231 6 128 0 
366 2.85398e-05 2010 6 127 0 
555 0.149995 433 6 127 1 
449 0.00336527 2321 6 119 1 
353 0.0012025 2223 6 113 1 
306 0.000547962 2226 6 110 1 
323 0.00181978 2224 6 113 1 
310 0.00181978 2228 6 115 1 
349 0.000289066 2258 6 115 1 
366 2.69259e-05 2238 6 127 0 
366 6.05278e-05 2010 6 125 0 
370 3.53329e-05 2309 6 128 0 
367 0.00015174 2111 6 113 0 
367 1.52817e-05 2025 6 115 0 
368 4.56636e-05 2161 6 118 0 
362 2.85396e-05 2282 6 128 0 
361 0 2300 6 128 0 
364 5.2376e-05 2050 6 128 0 
367 5.8511e-05 2161 6 122 0 
359 1.52212e-05 2071 6 127 0 
357 1.24206e-05 2239 6 128 0 
360 2.19338e-05 2162 6 128 0 
357 1.24206e-05 2139 6 128 0 
363 5.24768e-05 2217 6 128 0 
367 5.70793e-06 2161 6 121 0 
359 0.000212625 2246 6 128 0 
360 5.24766e-05 2048 6 128 0 
359 0.000113261 2246 6 128 0 
359 5.54656e-05 2148 6 128 0 
358 6.65926e-05 2245 6 128 0 
362 3.52902e-05 2049 6 128 0 
358 2.49479e-05 2012 6 128 0 
359 0.000153216 2128 6 128 0 
357 1.52212e-05 2043 6 128 0 
358 1.24583e-05 2183 6 128 0 
358 2.85397e-05 2183 6 128 0 
357 3.25585e-05 2212 6 128 0 
359 2.49479e-05 2077 6 120 0 
354 0.000153216 2203 6 115 1 
366 5.70789e-06 2232 6 113 0 
412 7.2514e-05 2000 6 124 0 
416 0.00027042 2000 6 123 0 
366 0 2302 6 128 0 
360 6.71246e-06 2081 6 128 0 
360 4.56634e-05 2081 6 128 0 
361 0.000320397 2204 6 110 1 
360 3.53327e-05 2112 6 108 0 
371 0.000199021 2207 6 117 0 
367 2.19338e-05 2334 6 128 0 
363 2.19717e-05 2144 6 128 0 
363 2.19339e-05 2058 6 128 0 
364 2.19715e-05 2289 6 127 0 
365 4.21474e-05 2233 6 114 0 
367 0.000168004 1978 6 128 0 
365 2.19338e-05 2229 6 127 0 
356 7.57484e-05 2122 6 113 0 
360 5.86246e-05 2285 6 109 0 
364 3.52522e-05 2217 6 128 0 
359 2.40279e-11 2128 6 128 0 
360 1.24204e-05 2191 6 128 0 
364 2.19338e-05 2274 6 128 0 
368 2.68505e-05 2068 6 120 0 
364 2.19338e-05 2050 6 128 0 
360 5.23761e-05 2218 6 128 0 
358 2.19338e-05 2189 6 128 0 
362 4.20713e-05 2026 6 114 0 
365 1.52212e-05 1975 6 128 0 
360 1.24206e-05 2218 6 128 0 
358 5.23761e-05 2012 6 128 0 
365 1.24583e-05 2154 6 124 0 
367 6.75059e-06 2281 6 128 0 
366 8.90665e-05 2051 6 128 0 
366 2.85398e-05 2010 6 127 0 
359 4.80558e-11 2153 6 128 0 
367 5.70798e-06 2281 6 121 0 
365 2.85398e-05 2051 6 128 0 
360 3.26742e-05 2164 6 128 0 
364 3.52522e-05 2050 6 128 0 
370 0.000136092 2210 6 128 0 
365 2.85398e-05 2051 6 128 0 
362 5.23762e-05 2286 6 128 0 
367 0.000113261 1978 6 128 0 
367 2.19338e-05 2220 6 128 0 
369 2.85396e-05 2209 6 127 0 
367 3.26338e-05 2220 6 128 0 
369 4.80999e-06 2298 6 128 0 
389 0.000257329 2260 6 122 0 
408 0.00038032 2321 6 122 0 
377 5.23762e-05 2306 6 118 0 
374 9.80395e-05 2316 6 127 0 
371 3.26342e-05 2312 6 127 0 
367 4.21474e-05 1992 6 119 0 
373 3.53707e-05 1988 6 127 0 
368 6.71262e-06 2231 6 128 0 
368 2.69259e-05 2231 6 128 0 
371 2.6926e-05 2309 6 126 0 
388 7.33052e-05 2260 6 123 0 
397 0.000136093 2261 6 121 0 
377 0.000127006 2316 6 128 0 
370 0.000146792 2320 6 118 0 
382 0.000396322 1998 6 117 0 
469 0.003186 2222 6 123 1 
370 0.000361974 2307 6 116 1 
365 0.000212738 2232 6 114 1 
364 6.05268e-05 2205 6 112 1 
365 6.75054e-06 2233 6 114 0 
367 5.70793e-06 2161 6 121 0 
359 7.25895e-05 2148 6 128 0 
360 5.53901e-05 1995 6 126 0 
360 0.00010619 2022 6 122 0 
359 9.80776e-05 1982 6 124 0 
356 4.20717e-05 2179 6 128 0 
368 4.56636e-05 2161 6 118 0 
371 0.000820086 2207 6 113 0 
369 4.84773e-06 2298 6 128 0 
364 1.52213e-05 2230 6 125 0 
359 9.34431e-05 1982 6 124 0 
169 1.52212e-05 2391 3 128 1 
169 1.52212e-05 2391 3 128 1 
172 5.54706e-05 2460 3 127 1 
175 4.20717e-05 2490 3 126 1 
171 0.000106191 2475 3 128 1 
170 7.33052e-05 2459 3 126 1 
173 3.53329e-05 2448 3 126 1 
185 5.23762e-05 2375 3 127 1 
176 3.26341e-05 2392 3 127 1 
174 2.19717e-05 2474 3 127 1 
168 5.24141e-05 2367 3 128 1 
163 6.0527e-05 2426 3 125 1 
163 0.000296116 2426 3 127 1 
166 0.000287872 2351 6 118 1 
168 0.00012712 2498 6 117 1 
180 0.000431824 2358 6 123 1 
174 7.5748e-05 2357 6 125 1 
178 3.52904e-05 2383 6 121 1 
177 7.57484e-05 2467 3 126 1 
173 5.55462e-05 2377 3 126 1 
175 2.69263e-05 2499 6 120 1 
194 8.89534e-05 2386 6 124 1 
223 1.52212e-05 2382 6 125 1 
219 0.000844299 2359 6 122 1 
212 0.000817062 2362 3 123 1 
268 0.000858821 2484 3 124 1 
254 0.000151882 2362 3 125 1 
233 6.71262e-06 2485 3 124 1 
219 0.000153216 2483 3 125 1 
205 1.24205e-05 2482 3 127 1 
171 3.52903e-05 2475 3 128 1 
168 1.24585e-05 2337 3 128 1 
167 3.52523e-05 2443 3 128 1 
172 9.35185e-05 2353 6 119 1 
217 9.35189e-05 2382 6 125 1 
190 0.000168004 2373 3 124 1 
192 0.000915709 2483 3 126 1 
191 7.57479e-05 2373 3 126 1 
192 0.00047885 2365 3 127 1 
182 4.21471e-05 2344 3 127 1 
176 3.25584e-05 2355 3 126 1 
168 0.000146792 2466 6 124 1 
171 5.54656e-05 2370 6 121 1 
242 0.000745863 2385 6 122 1 
234 5.23761e-05 2384 6 122 1 
230 0.00029917 2384 6 125 1 
183 0.000259331 2358 6 122 1 
236 0.000174267 2385 6 123 1 
258 0.00388869 2227 6 124 1 
209 7.57479e-05 2371 6 126 1 
178 3.26338e-05 2467 3 126 1 
176 0.000106077 2376 3 126 1 
173 1.24205e-05 2409 3 128 1 
173 2.86203e-05 2409 3 128 1 
171 2.49479e-05 2421 3 127 1 
181 0 2489 3 127 1 
218 0.000670114 2365 3 126 1 
210 3.52523e-05 2393 3 127 1 
190 6.75045e-06 2445 3 127 1 
175 3.52522e-05 2392 3 128 1 
175 3.25585e-05 2490 3 126 1 
173 1.24204e-05 2346 3 127 1 
168 5.23761e-05 2341 3 128 1 
160 6.71264e-06 2496 3 121 1 
164 5.23762e-05 2471 3 124 1 
159 0.00012712 2461 3 124 1 
153 2.49477e-05 2424 3 119 1 
161 5.23762e-05 2441 3 122 1 
156 3.2634e-05 2404 3 120 1 
152 2.49477e-05 2423 3 119 1 
180 0.000445433 2395 3 128 1 
177 2.85396e-05 2422 3 128 1 
174 2.85396e-05 2345 3 127 1 
168 9.1327e-05 2367 3 128 1 
163 0.000118394 2453 3 127 1 
163 0.000188563 2426 3 127 1 
164 9.80774e-05 2447 3 128 1 
165 5.23761e-05 2458 3 128 1 
176 4.80999e-06 2408 3 128 1 
169 3.52902e-05 2495 3 126 1 
167 1.24584e-05 2416 3 127 1 
164 9.80774e-05 2447 3 128 1 
167 1.24206e-05 2429 3 128 1 
170 1.52212e-05 2459 3 126 1 
172 9.35638e-05 2460 3 127 1 
180 6.65929e-05 2395 3 128 1 
157 0.000610994 2402 3 122 1 
154 0.000173712 2405 3 120 1 
163 8.90667e-05 2426 3 125 1 
164 5.2376e-05 2472 3 128 1 
164 9.80774e-05 2447 3 128 1 
163 2.85397e-05 2453 3 127 1 
168 5.70793e-06 2479 3 128 1 
171 3.53327e-05 2446 3 127 1 
158 3.25584e-05 2400 3 122 1 
147 0.000239978 2457 3 116 1 
156 0.000159105 2404 3 121 1 
160 1.52212e-05 2477 3 124 1 
157 0.00023503 2434 3 124 1 
163 0.00109236 2350 6 127 1 
163 0.000151854 2438 3 127 1 
165 7.2514e-05 2369 3 128 1 
167 3.52523e-05 2443 3 128 1 
167 2.40279e-11 2399 3 128 1 
163 2.68503e-05 2401 3 123 1 
163 3.25585e-05 2453 3 127 1 
169 2.19338e-05 2473 3 126 1 
192 0.000433207 2365 3 127 1 
191 0.000259331 2366 3 127 1 
172 6.7505e-06 2470 3 127 1 
167 2.19338e-05 2429 3 128 1 
176 6.71262e-06 2355 3 126 1 
181 4.56636e-05 2468 3 126 1 
172 4.8099e-06 2390 3 128 1 
164 5.70793e-06 2472 3 128 1 
163 8.89533e-05 2453 3 127 1 
164 0.00018028 2478 3 128 1 
175 2.6926e-05 2388 3 126 1 
173 0.000572942 2407 3 124 1 
150 5.70798e-06 2406 3 119 1 
153 0.000122774 2424 3 119 1 
167 1.52212e-05 2443 3 127 1 
172 6.75054e-06 2356 3 126 1 
174 2.85398e-05 2474 3 127 1 
166 0.000430242 2471 3 126 1 
156 6.61213e-05 2402 3 122 1 
153 6.0527e-05 2433 3 120 1 
163 0.000608718 2453 3 127 1 
166 0.000158924 2378 6 124 1 
171 6.04136e-05 2353 6 125 1 
179 7.2514e-05 2487 3 126 1 
188 0.000113261 2444 3 127 1 
181 7.2514e-05 2468 3 126 1 
173 3.52901e-05 2408 3 128 1 
168 0.000113261 2416 3 125 1 
165 2.85397e-05 2410 3 128 1 
172 4.20717e-05 2356 3 126 1 
175 0 2490 3 127 1 
172 6.71253e-06 2390 3 128 1 
167 6.71264e-06 2399 3 127 1 
162 9.81806e-05 2425 3 124 1 
167 3.52903e-05 2368 3 128 1 
170 5.70798e-06 2421 3 127 1 
176 6.65926e-05 2376 3 126 1 
185 5.23762e-05 2375 3 127 1 
206 3.25987e-05 2394 3 127 1 
228 0.000153217 2364 3 124 1 
287 0.0021898 1603 3 124 1 
235 0.000126617 2363 3 124 1 
190 6.71262e-06 2374 3 126 1 
184 6.05273e-05 2344 3 127 1 
192 0.00047885 2365 3 127 1 
182 0.000151741 2445 3 127 1 
176 2.85396e-05 2469 3 127 1 
175 2.49479e-05 2490 3 126 1 
173 3.26341e-05 2409 3 128 1 
172 3.53329e-05 2340 3 127 1 
172 6.61216e-05 2356 3 126 1 
171 9.82183e-05 2446 3 128 1 
163 6.62347e-05 2401 3 123 1 
162 5.54708e-05 2425 3 123 1 
169 4.21471e-05 2379 6 117 1 
179 0.000179062 2352 6 122 1 